0.44941 
-0.33565 
0.31654 
-0.30528 
-0.45951 
-0.04713 
0.46513 
-0.32505 
-0.55634 
-0.88803 
-0.77643 
0.18486 
-0.41406 
-1.12019 
0.17884 
-2.49245 
-1.70264 
-0.11689 
-0.20591 
-1.30009 
0.49629 
0.35826 
-1.02700 
-1.85464 
-2.22865 
-0.12014 
-0.05435 
0.33516 
-0.73208 
0.22233 
1.15551 
1.88636 
1.46297 
-1.71983 
-0.65399 
-0.55315 
-0.56012 
2.53852 
0.15660 
-2.07203 
-0.34234 
1.56076 
-0.49307 
0.20801 
0.46965 
0.20726 
-0.21972 
-0.76643 
-0.65752 
-0.86737 
-0.63171 
0.38478 
0.43268 
1.10605 
0.82253 
-1.27308 
-0.72153 
2.89384 
0.27667 
-0.73946 
-1.34031 
-0.00028 
-0.65563 
0.76328 
1.21180 
1.67027 
0.24863 
0.34623 
0.68650 
0.76994 
0.29103 
-0.41728 
-0.08354 
-1.88265 
-0.01173 
0.30203 
-0.43694 
1.59667 
1.47482 
0.82561 
0.04042 
0.48983 
-0.01016 
-0.32110 
-0.46631 
-1.14279 
-0.14045 
1.49636 
0.60618 
-0.25978 
0.14917 
-1.37263 
-2.01952 
-1.54347 
0.02584 
1.08182 
1.66767 
0.00788 
-1.16531 

