"PERS01" "PERS02" "PERS03" "PERS04" "PERS05" "PERS06" "PERS07" "PERS08" "PERS09" "PERS10" "PERS11" "PERS12" "PERS13" "PERS14" "PERS15" "PERS16" "PERS17" "PERS18" "PERS19" "PERS20" "PERS21" "PERS22" "PERS23" "PERS24" "PERS25" "PERS26" "PERS27" "PERS28" "PERS29" "PERS30" "PERS31" "PERS32" "PERS33" "PERS34" "PERS35" "PES36" "PERS37" "PERS38" "PERS39" "PERS40" "PERS41" "PERS42" "PERS43" "PERS44"
"1" 5 4 5 1 4 3 3 1 2 3 2 4 5 4 4 3 5 1 3 4 2 4 2 3 2 5 4 5 4 2 5 4 5 3 1 3 4 4 4 3 3 3 5 4
"2" 1 1 5 2 1 2 5 1 5 1 5 3 5 4 1 2 1 3 5 1 5 5 1 3 1 2 3 5 3 3 5 5 5 5 5 3 1 1 2 3 3 5 2 1
"3" 4 1 5 3 3 4 5 3 1 4 2 1 5 4 3 2 5 1 5 4 4 4 3 2 4 1 3 4 5 4 3 3 5 5 4 2 3 1 5 4 2 3 5 3
"4" 4 2 5 1 4 3 4 4 4 5 4 1 4 5 3 3 4 2 5 4 4 4 3 2 4 2 1 5 3 4 4 4 4 4 3 3 3 4 5 5 3 5 2 4
"5" 2 3 5 1 2 4 5 2 3 3 4 2 5 3 3 3 5 1 4 2 5 5 1 3 2 2 4 4 4 3 4 4 5 4 4 2 5 5 4 3 2 4 3 2
"6" 1 1 5 4 3 4 4 2 1 4 3 3 5 5 3 2 4 1 5 3 5 4 1 3 3 1 2 5 5 4 5 3 4 2 3 1 1 3 5 4 2 4 3 5
"7" 3 2 5 1 2 1 1 2 5 4 4 1 5 1 1 4 5 5 1 3 2 5 1 4 2 1 1 5 1 2 1 5 4 5 5 5 2 5 1 1 4 5 1 1
"8" 5 2 4 2 4 1 4 3 3 5 4 1 4 3 2 4 4 4 2 5 2 4 3 3 1 1 3 4 3 3 2 5 4 4 2 4 2 4 2 3 2 5 4 4
"9" 5 1 4 3 2 1 4 4 2 3 4 1 4 4 2 5 5 5 4 4 2 5 2 4 2 4 4 4 3 5 2 5 4 2 4 5 1 2 4 3 2 5 4 2
"10" 4 1 5 1 4 3 4 1 5 4 5 1 5 3 4 4 4 1 1 5 2 4 1 5 3 4 1 5 4 2 4 5 5 3 1 4 1 2 2 3 5 5 3 1
"11" 5 3 5 1 3 1 4 2 4 5 3 1 3 3 3 4 5 4 1 4 1 4 2 3 5 5 4 3 3 4 4 3 3 3 4 5 3 5 3 4 1 4 3 4
"12" 4 2 3 2 2 3 4 3 4 5 5 4 4 2 3 4 4 4 2 3 3 4 4 4 3 4 2 3 4 NA NA NA NA 4 4 4 3 3 5 4 3 4 3 2
"13" 4 4 4 5 2 3 5 5 2 4 2 4 4 4 4 3 5 2 5 3 4 5 2 1 3 1 1 4 5 3 5 5 3 2 4 4 4 4 5 4 3 5 4 3
"14" 4 5 5 3 3 4 4 1 3 4 4 1 5 3 3 3 4 1 4 5 4 5 1 2 4 1 1 5 2 3 4 3 5 2 1 4 1 5 4 5 2 4 4 3
"15" 5 5 5 4 4 2 4 4 5 4 4 1 5 1 5 5 5 1 2 5 4 5 1 2 4 5 5 5 5 3 5 3 4 5 1 5 5 3 3 4 3 5 1 3
"16" 4 4 5 2 4 4 4 1 2 4 4 4 5 4 4 4 4 3 4 4 4 2 3 3 4 3 1 4 4 3 4 5 5 4 1 4 3 3 3 4 3 5 4 3
"17" 4 2 2 3 3 4 4 2 1 2 2 1 5 2 1 4 4 1 5 5 3 3 1 1 3 2 2 2 1 3 4 5 5 3 1 4 3 2 5 2 3 4 4 3
"18" 4 1 4 4 4 1 4 3 4 4 2 1 4 3 5 3 4 2 2 1 1 2 4 4 4 3 1 2 4 2 2 4 4 4 4 4 4 2 2 3 3 4 2 4
"19" 4 2 5 2 3 2 1 3 4 5 5 2 5 3 3 4 4 2 4 2 3 4 2 2 4 3 1 4 3 4 4 4 3 3 2 4 3 4 4 4 2 4 2 3
"20" 2 4 5 4 3 4 4 3 2 5 2 1 4 4 3 3 4 2 5 3 4 3 3 1 4 1 3 3 4 5 4 4 4 2 4 4 1 3 4 4 1 4 3 4
"21" 1 3 5 5 3 5 4 1 5 5 5 4 5 1 3 3 4 1 1 3 5 5 3 5 3 3 3 4 5 4 5 4 4 5 1 1 1 4 1 4 1 5 3 3
"22" 1 5 3 5 1 5 2 4 1 4 4 5 3 5 4 3 5 5 1 1 5 1 5 2 4 5 5 1 5 4 3 2 5 5 4 3 5 3 5 2 5 1 5 2
"23" 1 2 5 3 4 2 5 1 4 2 3 5 4 1 4 3 5 5 4 3 2 5 1 5 3 3 5 5 1 4 4 5 4 5 4 4 1 5 3 3 3 5 1 5
"24" 3 2 4 1 4 3 5 2 3 3 3 1 5 4 4 3 3 1 4 4 5 5 1 3 3 3 3 5 4 3 5 5 4 4 4 3 3 3 4 3 4 4 2 1
"25" 4 3 4 3 5 2 4 4 5 5 4 4 4 1 5 5 3 1 1 5 1 2 3 5 5 5 1 2 5 5 5 4 5 5 1 3 2 4 2 3 1 3 5 3
"26" 3 4 5 5 5 5 5 1 2 5 4 1 5 5 5 5 3 1 5 4 5 5 2 1 4 4 4 5 4 5 5 5 5 1 5 4 3 5 5 4 2 5 5 5
"27" 5 3 4 1 5 2 3 2 2 5 5 3 2 3 3 4 5 4 4 5 1 3 4 3 4 4 3 4 4 5 4 3 3 4 1 3 3 4 1 5 1 4 5 4
"28" 5 4 4 2 3 4 4 2 3 3 4 1 5 2 2 3 5 4 5 5 3 4 1 5 3 2 3 5 4 4 4 4 3 5 2 5 1 4 1 3 3 5 3 1
"29" 2 2 4 1 4 4 4 1 2 3 4 1 4 4 4 3 4 1 4 4 4 4 1 3 4 2 1 4 1 4 2 4 4 3 4 2 1 4 3 3 1 4 2 4
"30" 1 4 3 4 2 5 4 4 4 3 5 4 1 5 3 4 3 4 4 3 5 4 4 4 4 3 2 1 3 2 4 4 4 2 2 2 3 2 4 3 4 2 4 3
"31" 2 4 4 1 1 1 5 4 4 5 5 1 5 4 5 5 4 1 4 4 4 4 1 4 1 5 4 2 1 3 1 2 5 4 4 2 4 4 4 4 5 4 5 3
"32" 5 3 5 4 3 3 3 2 1 4 1 2 5 5 5 3 3 2 5 3 3 5 4 3 3 4 4 3 5 3 3 4 4 3 3 4 3 4 4 3 3 4 2 3
"33" 5 4 5 1 5 4 4 2 3 4 4 4 5 4 5 5 2 2 3 5 3 5 3 4 4 4 4 4 5 3 4 5 4 2 5 4 3 5 4 5 3 4 3 4
"34" 1 1 4 2 3 4 4 1 4 4 4 3 2 3 2 4 4 3 2 1 2 3 3 1 4 2 3 4 5 2 5 4 3 5 4 4 1 2 4 1 2 3 2 3
"35" 4 4 5 4 4 3 5 2 5 5 5 1 5 4 5 5 5 1 5 5 4 5 1 2 4 3 1 5 4 4 4 5 5 5 2 5 2 4 4 5 1 5 4 5
"36" 4 3 5 5 2 3 3 1 1 4 1 3 5 5 3 3 4 2 5 1 4 5 3 1 1 3 3 2 5 3 4 3 4 1 5 1 3 2 5 3 2 3 2 3
"37" 1 1 4 3 4 3 4 1 4 3 3 4 4 1 4 4 4 4 4 3 4 4 2 4 2 3 3 4 1 4 3 3 2 3 4 4 3 4 3 3 2 4 2 4
"38" 5 3 4 4 3 2 4 2 2 5 3 5 5 4 3 2 3 2 5 3 2 4 2 1 3 3 2 4 5 3 3 5 5 3 2 3 4 3 5 4 3 4 3 3
"39" 5 4 4 3 2 3 3 2 1 3 2 3 4 4 4 4 2 2 5 3 2 3 3 2 2 2 3 3 4 3 3 3 4 1 4 4 2 3 3 3 2 4 3 3
"40" NA NA NA NA NA NA NA NA NA NA NA NA NA NA NA NA NA NA NA NA NA NA NA NA NA NA NA NA NA NA NA NA NA NA NA NA NA NA NA NA NA NA NA NA
"41" 3 2 4 1 1 1 2 2 4 5 5 1 1 2 5 4 5 1 3 5 3 3 2 3 3 5 4 3 3 5 4 4 4 4 5 4 4 3 2 4 2 3 3 4
"42" 3 4 5 2 4 5 3 3 4 4 4 1 5 5 5 4 4 2 4 4 5 5 3 5 5 4 5 5 4 1 2 3 4 5 2 3 1 3 1 5 4 4 4 1
"43" 2 2 5 2 3 5 3 2 3 3 3 1 4 3 3 2 4 3 4 4 5 5 2 3 3 1 4 3 3 4 4 3 3 4 2 2 2 2 4 4 1 4 4 5
"44" 4 4 3 2 4 4 4 4 3 4 3 1 4 4 3 3 4 4 4 3 4 4 4 2 4 2 4 4 4 4 4 4 4 3 1 4 4 3 3 4 2 4 5 3
"45" NA NA NA NA NA NA NA NA NA NA NA NA NA NA NA NA NA NA NA NA NA NA NA NA 3 2 2 4 4 3 4 4 2 4 4 2 4 5 4 3 4 2 5 4
"46" 5 3 5 1 5 1 4 1 4 5 4 2 5 2 4 5 4 1 1 5 1 5 1 5 5 4 3 4 3 3 1 4 5 4 1 4 2 5 1 4 3 4 1 1
"47" 5 3 4 3 4 3 4 4 1 4 5 3 5 5 4 4 5 5 5 5 1 5 3 4 4 4 1 4 4 4 4 5 5 4 3 4 2 4 4 4 4 4 3 3
"48" 5 4 5 1 5 1 3 4 5 4 4 1 5 2 5 5 5 4 1 5 1 4 5 4 4 5 2 3 2 3 1 4 5 5 4 5 2 4 1 4 3 4 2 2
"49" NA NA NA NA NA NA NA NA NA NA NA NA NA NA NA NA NA NA NA NA NA NA NA NA NA NA NA NA NA NA NA NA NA NA NA NA NA NA NA NA NA NA NA NA
"50" 5 3 5 1 3 1 4 1 4 4 4 3 5 4 2 5 2 2 2 4 1 5 2 2 1 5 1 3 3 1 2 5 4 5 3 5 2 5 4 1 1 5 3 1
"51" 5 3 5 4 4 2 4 2 2 5 2 2 5 4 4 2 5 1 3 4 1 4 4 2 4 3 1 5 3 5 1 4 5 2 3 4 3 5 2 2 2 4 4 2
"52" 5 4 3 2 4 2 4 4 3 4 4 4 4 4 3 5 4 4 4 4 1 4 2 2 4 NA NA NA NA 2 2 4 4 4 4 3 4 4 5 4 4 4 4 3
"53" 5 4 4 1 4 1 4 1 3 3 5 1 5 4 4 4 4 4 3 4 1 5 3 5 3 4 1 3 3 3 2 4 4 3 2 5 1 4 1 4 3 5 2 3
"54" 4 1 4 1 5 4 4 2 5 5 4 1 5 1 5 4 4 1 1 4 4 5 2 5 5 4 1 5 1 5 4 5 5 5 4 4 1 4 2 4 2 5 1 3
"55" 4 5 5 1 5 1 5 1 4 5 4 2 5 3 4 3 2 2 2 4 3 5 2 5 5 4 1 5 2 4 1 5 5 4 3 4 1 4 1 5 1 4 2 4
"56" 1 1 4 4 4 2 4 3 4 4 2 4 4 2 4 4 3 4 4 2 2 5 4 5 2 4 2 4 2 5 2 1 4 4 4 4 2 5 3 5 3 3 3 4
"57" 3 3 5 3 5 3 4 2 2 5 4 1 5 3 3 4 4 4 4 5 4 4 1 3 4 4 1 5 4 4 3 4 4 3 3 2 1 4 2 5 3 5 3 1
"58" 3 2 4 1 4 1 4 4 1 1 4 2 5 4 4 2 4 5 1 4 2 4 2 3 4 3 NA NA NA NA 4 4 4 2 4 3 3 5 4 2 1 1 3 2
"59" 3 4 4 5 2 4 4 4 4 4 2 4 4 3 3 2 4 1 2 3 4 3 4 4 2 3 4 3 5 4 5 4 4 4 4 3 3 3 4 4 2 4 3 3
"60" 1 5 1 1 4 5 1 2 1 4 5 1 5 5 1 4 4 2 3 4 5 5 1 3 5 3 3 5 5 5 1 5 4 4 4 5 1 5 5 4 2 5 3 5
"61" 3 3 4 1 3 3 4 1 4 4 2 1 5 3 3 3 4 2 3 4 3 4 3 4 3 2 3 3 4 2 3 3 4 3 3 3 2 4 3 3 3 4 3 2
"62" 5 4 5 2 5 3 4 1 1 5 5 3 5 5 4 4 4 2 4 5 2 4 1 4 4 4 2 4 4 5 4 4 5 2 2 4 4 4 3 4 2 4 1 5
"63" 3 4 5 3 4 4 3 1 1 5 4 4 3 4 5 4 2 3 4 5 5 5 3 2 5 5 4 4 3 5 2 2 4 3 3 3 4 4 5 4 1 3 5 5
"64" 1 1 5 4 3 5 5 4 4 1 2 1 5 4 4 1 5 5 4 2 5 5 4 4 1 2 5 5 5 5 5 5 5 4 5 2 1 5 5 4 5 4 4 4
"65" 5 3 4 4 4 3 5 4 2 3 5 3 4 5 4 3 1 3 4 4 1 5 2 2 4 4 5 4 4 1 1 5 4 1 3 5 3 4 5 4 5 5 4 5
"66" 5 1 5 1 4 3 5 3 4 5 3 4 5 2 2 4 5 4 3 5 4 5 3 3 4 4 1 3 2 2 3 5 4 4 2 3 2 3 2 3 3 4 2 3
"67" 4 1 4 3 4 2 4 4 3 5 4 1 4 3 3 4 5 5 3 5 4 4 4 3 4 3 2 4 4 5 4 4 3 3 1 4 3 2 4 4 1 3 4 3
"68" 3 3 5 1 4 4 5 1 3 4 5 2 5 4 4 3 4 3 3 4 4 4 1 5 3 2 4 5 4 3 4 4 4 3 1 2 4 3 2 5 2 5 3 3
"69" 5 1 3 1 5 3 4 3 4 5 5 1 5 1 3 5 5 3 1 5 1 5 1 4 4 5 1 3 1 4 1 3 3 4 3 5 2 4 1 3 4 3 1 5
"70" 4 3 5 4 3 4 5 3 2 3 2 1 5 5 4 3 4 2 5 3 4 5 4 3 3 4 2 4 4 3 4 4 4 4 5 4 1 3 4 3 4 4 2 3
"71" 3 4 5 3 3 4 4 3 3 4 3 3 5 3 5 4 3 1 5 3 5 5 4 4 3 4 4 5 4 3 5 5 5 4 3 3 1 4 4 5 3 4 2 5
"72" 3 1 5 1 3 4 4 1 4 5 3 4 5 5 4 2 4 4 3 5 4 4 3 5 5 3 1 5 5 4 4 4 5 5 2 3 5 3 4 4 3 4 1 3
"73" 4 3 5 4 3 3 5 2 1 5 5 2 5 4 3 4 4 1 5 3 2 4 2 1 4 5 4 5 4 3 3 5 5 2 2 4 3 3 2 4 1 4 1 4
"74" 2 1 5 4 5 5 4 2 2 5 3 1 4 5 5 3 4 2 4 5 5 4 2 1 5 1 3 5 3 5 5 5 4 2 3 2 1 5 4 5 1 5 3 5
"75" 4 4 4 2 3 3 4 3 2 4 4 2 4 4 4 3 4 2 4 3 3 5 4 2 3 2 2 4 4 3 4 4 4 3 4 3 2 3 4 4 4 4 3 4
"76" 5 3 3 1 4 2 3 2 5 4 4 1 3 1 2 4 4 2 1 4 1 4 4 5 4 4 2 2 1 3 1 3 3 4 2 5 2 2 1 3 4 4 3 3
"77" 5 3 4 2 3 1 4 1 2 4 4 2 5 4 2 4 4 3 5 4 1 4 4 2 3 4 2 5 4 3 1 4 4 3 2 5 1 4 4 4 1 5 2 4
"78" 5 1 5 1 5 5 5 2 4 3 3 1 5 3 3 3 5 1 1 3 3 5 1 3 1 5 1 5 3 3 4 4 4 4 4 4 3 3 3 3 3 3 1 5
"79" NA NA NA NA NA NA NA NA NA NA NA NA NA NA NA NA NA NA NA NA NA NA NA NA 2 3 4 2 4 3 4 2 5 5 4 1 5 1 4 3 4 2 1 4
"80" 5 4 5 2 4 1 4 2 4 5 5 2 5 5 3 5 5 1 5 5 1 5 1 3 3 5 1 5 3 5 1 5 5 4 3 5 2 5 1 3 1 3 2 4
"81" 5 1 5 1 4 1 5 1 5 4 5 1 5 2 3 5 4 1 1 5 4 5 1 4 4 3 1 5 4 5 3 5 5 5 4 5 1 4 2 5 5 5 1 5
"82" 3 2 5 4 3 2 5 1 5 5 1 2 5 2 5 3 5 1 3 4 4 3 1 3 2 4 4 5 4 5 4 5 5 5 4 4 2 5 1 4 1 5 1 4
"83" 5 3 1 4 5 4 3 4 3 5 4 4 5 5 5 5 3 4 4 5 2 4 5 2 4 1 1 3 5 5 5 3 3 1 3 4 5 5 5 4 1 4 5 5
"84" 4 3 4 4 2 4 3 4 2 4 1 2 4 5 2 3 3 3 5 3 3 4 3 1 3 3 2 5 5 3 4 4 3 2 3 2 2 4 5 NA NA NA NA 4
"85" 1 1 3 4 5 2 4 3 2 2 4 4 4 2 5 2 3 4 3 1 2 2 3 4 1 4 2 2 4 5 2 2 2 3 5 4 2 4 3 4 2 4 2 3
"86" 4 2 2 4 3 1 3 5 1 3 4 3 2 4 2 5 4 3 4 5 3 4 5 1 2 4 4 4 4 2 3 3 2 4 4 3 4 4 5 3 4 5 5 4
"87" 4 3 4 1 4 2 4 3 4 4 4 1 4 3 4 4 3 1 1 4 1 3 1 1 4 4 3 5 2 4 1 3 4 4 1 5 3 4 2 4 1 3 3 5
"88" 3 4 5 3 3 4 4 4 2 3 3 1 5 4 3 3 4 4 4 4 3 4 3 3 3 2 3 3 4 3 3 4 4 3 5 3 2 5 4 3 2 3 3 1
"89" 5 2 5 2 5 1 5 1 5 5 4 1 5 4 5 5 5 3 1 5 1 5 1 5 5 5 1 5 5 4 1 5 5 5 3 5 2 5 1 5 3 5 3 3
"90" 3 4 4 4 2 5 3 3 4 3 1 2 4 1 2 1 4 2 3 3 4 4 5 2 2 4 3 2 5 2 4 4 3 4 2 2 3 2 3 4 4 3 5 3
"91" 3 5 5 2 4 5 4 2 2 5 4 3 5 4 4 4 3 1 4 4 3 5 1 3 4 5 3 4 4 3 4 4 5 2 3 5 1 5 4 4 2 4 3 2
"92" 2 3 5 1 3 4 4 2 4 5 3 1 5 4 2 3 4 1 1 4 4 3 3 4 4 2 4 5 5 5 5 4 5 4 3 4 3 4 4 4 2 3 2 3
"93" 5 3 5 3 4 2 4 4 1 5 4 2 5 4 5 4 3 2 5 5 4 5 4 4 2 4 2 3 4 4 3 4 4 2 5 5 4 3 5 4 5 4 4 3
"94" 5 4 5 2 4 1 4 3 2 5 4 2 5 5 5 4 3 3 4 3 1 5 2 4 4 5 4 4 4 4 1 4 4 4 1 5 4 4 1 5 3 4 3 4
"95" 1 3 2 5 2 5 2 3 1 3 1 3 1 4 5 3 4 5 4 4 4 4 4 1 3 3 4 3 3 3 5 3 1 1 3 1 5 3 5 3 3 3 3 5
"96" NA NA NA NA 3 2 4 1 5 4 5 2 2 5 4 2 5 4 4 4 5 2 4 4 4 5 1 4 3 4 1 4 4 1 4 5 5 3 1 4 1 4 4 4
"97" 5 2 5 3 5 2 5 2 3 5 5 2 5 3 4 5 5 1 3 5 1 5 1 5 5 5 1 4 3 5 1 5 4 3 1 5 1 4 1 3 1 4 3 5
"98" 5 3 4 4 3 1 3 4 2 4 3 4 4 5 3 3 4 4 4 3 1 5 4 2 3 3 1 4 4 4 1 3 2 2 3 4 4 3 3 4 2 4 4 2
"99" 3 4 2 4 3 2 4 5 4 5 5 3 5 4 5 3 4 5 3 4 3 4 5 5 3 5 4 2 5 5 1 4 2 4 2 5 2 2 2 4 1 3 5 5
"100" 2 2 4 3 4 3 5 4 3 5 5 1 5 4 5 4 3 2 5 5 5 4 4 5 5 4 4 4 3 2 4 4 5 5 3 3 4 4 5 5 3 5 3 3
"101" 5 2 5 2 4 1 5 1 3 3 4 1 5 5 4 5 5 1 5 5 1 4 1 2 3 5 1 4 2 4 1 4 4 3 1 5 1 4 2 3 2 4 3 4
"102" 5 5 5 1 4 4 5 5 1 5 5 1 4 5 4 5 1 4 1 5 2 5 1 4 5 5 4 5 5 5 4 5 5 4 1 5 1 5 3 1 5 4 4 3
"103" 5 2 3 1 4 1 4 2 3 4 3 1 4 3 3 3 4 4 3 5 1 5 4 4 4 4 2 4 2 3 1 3 2 3 2 4 2 3 2 3 2 4 3 2
"104" 5 2 5 1 5 2 5 1 4 5 5 1 5 1 5 5 5 1 1 4 1 5 1 5 5 5 1 5 1 4 2 5 5 4 5 5 1 5 1 4 5 5 1 4
"105" 5 4 5 4 4 1 5 1 5 5 5 4 5 4 5 4 5 1 5 5 2 4 1 2 4 4 1 5 5 5 1 5 5 5 5 5 1 5 1 5 1 5 1 5
"106" 2 4 4 4 2 4 3 3 2 4 4 1 5 4 2 2 3 1 3 3 4 4 1 1 2 2 5 3 5 2 5 4 5 3 5 3 2 5 3 2 4 4 4 2
"107" 5 3 5 2 3 2 4 4 3 2 4 3 3 4 3 4 3 2 1 3 1 2 4 2 2 5 2 4 2 3 2 3 4 4 2 5 4 5 4 4 2 5 4 2
"108" 5 5 5 4 4 2 4 1 1 4 4 1 5 4 4 4 3 2 1 4 1 3 1 2 4 5 3 4 5 3 1 4 5 2 4 5 1 4 1 3 2 4 2 5
"109" 5 4 5 2 4 3 4 3 3 5 4 5 5 3 4 4 3 3 3 5 1 3 3 4 5 5 1 4 4 5 2 4 4 4 4 5 4 5 1 4 1 4 2 5
"110" 2 2 4 1 3 4 4 2 2 3 3 2 4 4 3 2 4 4 4 3 4 4 2 1 2 2 2 4 4 3 4 3 3 2 3 2 3 4 3 3 3 3 3 2
"111" 3 3 4 1 4 1 5 4 5 5 4 1 4 1 4 4 5 5 2 4 1 5 5 5 5 4 1 2 1 5 1 5 5 5 1 5 2 5 1 5 1 5 5 5
"112" 5 5 5 4 5 1 5 1 1 5 1 4 5 4 2 4 1 1 4 5 1 3 1 4 5 5 5 4 4 5 1 5 5 2 4 5 1 5 1 3 2 5 3 3
"113" 1 3 4 4 2 4 5 4 2 5 3 1 5 3 3 1 5 3 4 4 5 5 3 2 3 1 3 3 3 3 5 5 2 2 5 1 3 3 5 3 2 4 3 3
"114" 4 4 4 1 3 4 3 4 2 4 4 3 5 2 5 3 5 5 5 5 4 4 5 2 4 3 1 4 2 3 4 4 3 4 4 5 1 1 3 3 1 4 4 4
"115" 3 2 5 4 2 2 4 5 1 5 1 1 5 4 2 5 5 2 5 4 3 5 4 1 2 4 1 2 2 4 5 5 5 4 5 5 1 2 4 2 1 5 4 5
"116" 5 3 2 1 3 3 3 4 4 4 4 4 2 3 3 4 4 2 5 5 1 5 4 2 2 3 3 4 4 5 1 3 3 2 3 4 3 3 5 4 1 5 3 5
"117" 3 4 3 2 3 4 4 2 3 4 3 1 4 4 3 3 4 1 5 4 3 4 4 2 2 4 3 2 4 4 2 3 4 3 4 4 2 4 3 4 3 4 2 3
"118" 3 3 4 2 2 2 4 4 4 4 4 3 2 4 2 3 1 3 5 3 2 4 4 4 5 2 1 3 2 2 1 5 4 2 4 3 4 2 3 4 2 4 4 5
"119" 4 2 4 3 3 4 4 3 3 5 4 1 4 3 5 5 5 3 3 4 3 5 3 3 3 4 1 4 3 4 4 4 3 3 2 4 2 4 5 5 4 4 3 3
"120" 4 4 5 1 4 3 2 4 4 5 3 1 5 4 3 3 3 5 3 4 3 2 3 4 5 3 2 3 4 4 4 2 5 5 2 4 3 4 5 4 4 3 4 3
"121" 3 1 3 1 2 4 4 4 4 3 2 1 5 4 5 3 2 2 3 2 4 5 4 5 2 2 2 4 1 2 4 4 4 4 4 3 2 3 2 4 4 4 4 5
"122" 5 4 5 5 4 5 5 1 2 5 4 1 1 5 5 5 5 1 5 5 1 5 4 1 5 5 1 5 5 5 1 5 5 2 2 5 2 2 5 5 5 5 2 5
"123" 5 4 3 4 4 4 3 2 2 5 1 1 4 4 2 5 2 5 3 5 2 4 5 4 5 3 4 1 4 5 4 3 4 5 1 5 4 5 1 2 1 4 5 3
"124" 5 4 4 1 5 1 4 2 4 5 5 4 4 2 3 5 3 2 3 5 1 4 1 5 5 5 2 5 3 4 2 4 4 4 1 5 3 4 1 5 1 4 3 3
"125" 5 3 2 1 3 1 4 3 5 5 4 1 4 2 3 4 5 3 2 3 3 5 3 4 4 3 3 3 2 3 4 4 3 5 5 5 2 3 4 4 2 4 4 4
"126" 1 1 5 3 4 5 5 1 4 4 4 1 5 5 5 4 5 1 5 2 5 5 1 2 4 1 1 5 4 4 5 5 5 4 4 2 1 4 4 5 1 5 2 4
"127" 4 2 3 2 4 4 4 3 3 3 3 2 4 3 3 3 4 3 2 2 4 3 2 2 4 4 2 4 2 3 2 3 3 3 2 5 2 3 2 3 2 3 3 4
"128" 5 2 5 4 4 2 5 3 2 3 1 4 5 2 1 4 5 1 2 4 4 5 4 2 4 4 3 5 5 4 4 5 4 3 1 4 3 5 1 3 1 5 3 4
"129" 4 1 5 2 4 1 5 1 4 1 4 2 5 2 4 4 5 1 4 3 4 5 2 4 3 2 1 5 4 3 4 5 5 4 5 5 2 5 4 3 4 5 1 3
"130" 2 2 5 4 3 5 3 3 2 4 5 2 5 5 4 4 3 4 5 4 5 3 1 1 4 2 2 5 5 5 5 4 5 3 2 2 1 3 5 4 1 3 3 4
"131" 4 4 4 2 4 3 4 4 2 5 4 4 4 4 3 4 2 1 3 4 2 4 4 2 4 3 2 4 4 3 4 2 4 2 4 5 4 2 4 3 2 4 4 2
"132" 2 1 2 2 4 3 4 4 2 2 1 3 4 3 4 2 1 4 3 1 4 5 1 1 4 1 3 4 2 4 4 4 2 4 2 2 3 1 2 4 4 3 2 4
"133" 5 5 4 3 3 1 2 5 1 3 3 2 3 5 4 3 3 5 4 4 2 5 5 1 1 4 4 4 5 3 3 2 3 1 3 5 3 1 4 3 4 4 5 3
"134" 4 5 5 1 5 4 5 1 5 5 3 5 5 1 5 5 3 1 1 5 2 5 4 5 5 5 5 5 4 5 4 5 5 5 5 5 4 3 5 5 1 3 4 5
"135" 5 4 3 1 4 1 3 3 2 4 5 2 4 3 3 4 3 3 3 4 1 2 3 4 3 4 1 4 3 3 2 3 4 3 3 5 4 3 2 2 3 3 5 2
"136" 4 2 4 2 3 1 5 4 5 3 4 1 2 4 5 3 5 5 3 5 5 4 4 4 4 2 4 1 3 3 5 5 3 2 4 5 5 3 2 4 2 5 4 3
"137" 1 2 2 4 2 2 5 5 2 2 2 2 2 5 5 4 4 4 1 2 2 4 5 1 5 2 2 1 5 4 2 4 5 4 4 2 4 1 4 4 2 1 5 5
"138" 4 4 5 1 3 4 4 1 2 3 2 1 5 2 3 3 3 5 2 3 3 5 3 2 3 2 1 5 4 3 4 4 5 4 5 5 4 5 4 3 4 3 2 3
"139" 5 3 4 1 4 1 3 2 4 4 4 1 4 1 3 4 3 3 2 3 1 4 4 4 4 4 1 3 4 4 1 3 3 4 3 5 3 4 2 4 1 4 2 4
"140" 4 3 4 2 4 2 5 3 5 2 2 5 5 3 4 2 4 5 5 5 2 5 4 3 4 2 3 4 5 4 2 3 4 4 1 5 4 3 4 4 4 5 3 3
"141" 4 3 4 1 4 1 4 2 3 4 4 1 4 2 4 3 3 1 4 4 1 4 3 3 3 4 3 3 3 4 1 3 4 4 3 4 3 3 1 3 1 3 1 5
"142" 5 3 5 4 4 1 5 4 4 3 4 1 5 4 5 5 5 1 4 4 1 5 2 2 3 5 3 5 4 4 1 5 5 4 2 5 1 5 1 5 1 5 4 4
"143" 1 1 5 3 2 4 1 1 3 4 3 1 5 4 4 4 4 2 4 3 4 5 2 4 3 2 1 4 2 3 4 4 4 4 3 2 1 4 4 3 4 4 2 2
"144" 4 1 4 2 4 4 5 2 5 3 4 5 4 3 3 4 5 1 4 3 4 5 1 5 3 3 1 5 2 3 4 5 5 4 3 4 1 5 3 3 2 4 3 4
"145" 4 4 5 2 4 1 4 1 3 4 4 2 4 4 4 4 4 1 4 5 2 4 3 3 4 4 2 4 3 5 3 3 4 3 1 5 3 4 4 5 1 3 4 5
"146" 2 2 3 4 2 2 4 3 3 4 3 3 3 4 2 3 4 4 4 3 4 4 4 3 3 3 2 3 3 2 4 4 3 3 2 3 2 2 4 3 2 3 3 2
"147" 5 3 4 1 4 1 5 2 5 4 5 3 5 2 3 4 4 3 4 3 1 5 2 4 4 4 1 4 1 1 1 5 5 4 3 5 1 3 2 3 3 4 3 2
"148" 5 4 4 3 4 4 4 2 2 4 3 2 4 4 4 4 3 2 4 5 1 5 2 3 4 4 1 5 4 5 4 5 4 2 1 4 1 3 4 5 3 4 4 3
"149" 2 5 5 1 5 2 5 1 5 5 5 1 5 2 5 5 1 1 4 5 2 2 1 1 5 3 2 5 4 3 2 4 5 5 1 2 4 5 1 5 1 5 1 3
"150" 4 3 4 2 3 3 4 2 3 4 4 2 4 3 3 3 3 2 4 3 2 4 3 3 3 4 2 4 3 2 4 4 3 3 3 3 2 4 3 3 3 4 2 3
"151" 1 2 1 4 2 3 2 3 2 1 3 2 1 4 2 4 3 4 1 4 3 4 5 1 1 4 5 1 4 3 5 4 4 4 2 2 3 2 4 4 4 1 5 2
"152" 3 2 5 1 4 4 4 1 4 5 4 2 5 4 4 3 4 3 4 4 4 4 2 3 4 3 2 4 2 3 4 4 5 3 4 4 2 3 4 3 3 4 2 3
"153" 3 4 3 3 4 3 4 4 3 4 4 4 3 4 2 4 2 3 4 4 2 5 4 2 2 4 2 3 4 2 3 3 3 3 3 5 4 3 4 4 4 3 3 2
"154" 3 4 5 2 4 3 3 4 5 4 4 3 5 1 5 3 2 2 1 5 3 4 2 4 4 4 2 4 3 2 2 3 4 4 3 5 4 4 1 4 3 4 4 3
"155" 4 4 3 1 3 2 4 3 1 4 3 2 4 4 3 3 5 4 4 5 3 5 4 2 4 2 1 4 4 4 4 4 3 2 1 4 2 2 4 4 1 5 5 4
"156" 5 3 5 1 5 1 5 1 5 5 5 1 5 1 5 5 4 1 1 5 1 5 1 5 5 5 1 5 1 3 1 5 5 5 1 5 3 5 1 5 1 5 1 1
"157" 5 5 4 2 5 1 4 3 2 5 4 2 5 5 5 5 4 2 5 5 1 5 3 2 5 5 2 3 4 5 2 3 5 5 3 5 2 3 1 5 1 5 4 5
"158" 5 2 5 1 5 3 5 1 3 4 5 1 5 3 4 4 2 1 4 5 4 4 1 3 5 5 1 5 4 5 3 5 5 3 5 4 1 5 3 4 1 3 2 5
"159" 5 3 5 2 4 3 3 2 3 4 3 4 5 4 5 4 5 1 3 5 1 5 2 2 4 NA NA NA NA 2 4 4 NA NA NA NA 3 4 5 2 3 4 4 3
"160" 2 2 2 1 2 1 4 4 4 1 3 2 1 2 4 4 2 4 5 4 3 3 4 5 1 3 2 3 4 5 3 2 5 3 1 4 4 2 2 5 5 4 4 4
"161" 5 2 4 2 4 1 4 4 4 2 5 1 4 3 4 4 5 5 4 4 1 5 4 3 5 3 1 3 3 5 1 3 2 4 3 4 3 3 3 4 1 5 4 5
"162" 5 4 4 3 4 1 4 4 3 4 5 5 5 4 4 5 4 1 1 3 1 4 3 4 4 4 1 5 5 3 1 4 2 3 4 5 4 4 4 4 1 5 4 4
"163" 2 1 4 5 4 5 4 4 1 4 2 1 4 5 3 1 5 1 5 4 4 4 5 1 5 2 4 3 4 5 5 4 5 2 1 2 1 5 4 5 1 4 3 5
"164" 4 4 4 2 3 2 5 2 3 2 2 3 4 1 2 2 3 4 1 2 2 4 5 2 4 1 1 2 3 2 3 4 4 5 2 5 4 2 2 2 4 2 1 2
"165" 5 4 5 2 3 2 5 3 5 5 5 3 5 2 3 4 4 1 5 4 3 4 3 4 2 3 4 4 5 4 4 4 5 4 3 5 4 5 3 3 3 3 3 4
"166" 3 1 4 4 4 4 4 4 2 4 2 1 4 4 3 3 4 4 4 4 4 4 3 3 4 2 1 4 4 4 4 4 2 2 2 3 1 2 4 4 2 4 4 3
"167" 4 2 5 1 1 3 4 4 1 5 4 1 5 5 4 4 3 3 4 3 4 4 1 2 3 2 1 5 2 5 5 5 3 2 3 4 1 5 5 4 4 4 2 3
"168" 4 2 5 1 4 4 4 2 3 4 4 2 4 2 3 4 4 2 2 4 4 4 2 4 4 3 1 4 4 5 4 4 4 4 3 3 2 4 4 3 2 4 4 4
"169" 1 3 2 3 2 4 3 4 3 4 4 5 2 4 3 5 5 4 2 3 5 4 4 4 4 5 4 2 4 2 5 4 4 4 5 3 4 1 2 3 3 2 4 3
"170" 2 4 2 4 1 4 2 4 2 4 3 2 1 5 2 2 3 4 4 1 4 2 4 2 4 2 3 1 3 4 3 2 3 3 4 2 4 2 4 2 3 3 4 2
"171" 2 4 5 5 2 4 1 2 1 5 1 1 5 5 5 3 1 3 5 3 4 3 2 1 3 2 4 5 4 1 4 3 4 3 3 2 1 2 4 4 5 5 3 2
"172" 4 4 5 4 1 2 5 2 1 4 3 1 4 5 1 3 4 1 5 4 4 5 4 1 1 3 1 4 5 3 4 5 4 2 4 4 1 5 5 1 3 5 4 3
"173" 5 4 4 1 5 1 2 3 5 5 5 1 4 1 4 5 3 4 1 5 1 4 4 4 5 5 1 4 2 4 2 5 4 5 3 5 2 3 2 4 4 5 4 5
"174" 4 4 5 2 3 3 4 4 3 4 3 1 5 3 1 3 4 2 2 5 3 4 3 5 4 3 3 4 2 5 2 3 4 4 3 4 2 4 1 3 1 4 3 5
"175" 4 3 4 1 3 4 1 4 5 5 4 3 3 4 5 2 1 4 3 5 5 5 3 5 3 4 3 3 3 3 2 5 4 2 5 4 1 5 4 5 3 5 1 5
"176" 5 4 5 3 4 3 4 2 2 3 3 2 5 4 3 4 3 1 4 4 3 4 1 3 2 4 3 4 4 3 2 4 5 4 3 4 4 2 4 3 3 4 3 3
"177" 3 3 4 1 4 4 4 3 4 5 4 2 4 2 5 3 4 4 1 4 4 4 2 5 4 4 2 5 2 4 4 4 4 4 3 2 1 5 1 4 1 4 4 4
"178" 3 1 5 3 4 4 5 1 4 5 4 1 5 4 3 3 2 1 2 4 5 4 3 5 4 3 2 5 2 3 5 5 4 4 2 4 1 5 1 5 1 5 1 3
"179" 4 4 4 4 2 1 5 4 1 3 4 1 4 5 1 4 5 5 5 4 1 5 4 2 1 2 1 4 5 4 4 5 2 2 5 5 1 4 4 3 2 5 5 1
"180" 3 4 4 1 3 3 4 1 5 4 3 2 3 1 3 3 2 2 3 5 4 3 1 4 3 3 3 5 4 3 4 3 4 5 3 3 4 2 3 3 3 4 3 3
"181" 4 4 4 4 5 3 4 5 4 5 4 1 5 4 1 5 5 3 3 5 3 5 5 3 5 3 1 1 5 4 3 5 3 3 3 4 3 3 5 3 5 3 5 5
"182" 3 1 3 1 2 1 4 4 4 5 2 3 5 4 2 2 5 5 1 4 4 5 4 3 2 2 3 4 5 4 4 3 4 2 4 4 2 3 4 3 2 4 5 4
"183" 5 4 4 3 4 3 3 2 3 3 4 4 4 3 4 4 2 2 3 3 2 4 4 3 4 3 2 3 4 3 2 4 4 2 3 4 3 3 2 3 2 4 3 1
"184" 1 5 2 3 1 3 1 5 1 4 3 2 1 5 1 3 3 2 2 4 4 1 3 4 3 1 4 1 3 4 5 1 4 5 4 3 5 1 3 1 4 1 5 1
"185" 4 4 3 5 3 NA NA NA NA 3 2 2 3 3 2 4 4 2 3 4 4 4 4 4 4 5 2 2 3 3 3 4 3 4 2 2 2 2 4 3 3 4 3 4
"186" NA NA NA NA NA NA NA NA NA NA NA NA NA NA NA NA NA NA NA NA NA NA NA NA 5 2 5 3 4 1 5 1 4 5 4 1 5 3 3 5 5 1 2 4
"187" 1 1 4 3 3 3 4 1 2 3 2 1 5 5 3 2 5 3 5 3 5 5 1 2 2 2 2 3 3 3 4 5 4 3 4 2 1 3 5 3 3 3 3 3
"188" 1 2 5 5 4 5 3 4 1 4 3 3 2 5 1 4 2 3 2 1 4 4 4 1 4 4 3 3 4 2 4 4 4 4 4 3 3 1 5 1 2 2 4 3
"189" 3 4 3 5 2 4 3 1 1 3 2 1 4 5 3 2 3 1 5 2 4 5 4 1 2 2 4 3 5 4 5 4 4 1 5 1 4 3 2 3 2 2 2 4
"190" 3 2 4 1 4 2 5 2 4 4 4 1 5 2 3 4 5 1 1 4 1 5 1 4 3 4 1 4 1 4 1 4 4 4 3 4 1 4 1 4 1 4 1 4
"191" 3 4 3 2 4 4 3 2 2 4 3 1 4 2 3 3 4 2 4 3 3 4 2 3 3 2 1 4 4 4 3 2 4 4 3 3 1 4 2 3 1 4 2 3
"192" 4 2 6 1 4 3 5 2 3 4 2 1 5 4 4 3 4 2 4 4 4 5 1 3 4 2 1 4 4 2 4 5 5 4 2 3 1 4 2 4 3 5 2 2
"193" 4 2 5 2 4 4 4 1 2 4 1 1 5 4 4 3 4 2 3 3 4 3 1 3 4 4 1 5 4 3 4 5 5 4 1 4 3 4 5 4 4 5 3 3
"194" 4 2 5 4 4 3 4 1 2 3 3 1 5 4 4 4 4 1 4 4 4 4 2 4 4 2 1 4 4 4 4 4 5 4 3 4 2 4 3 4 2 4 2 3
"195" 4 1 5 1 5 4 5 2 5 5 5 1 5 4 5 5 5 1 4 4 4 5 2 4 4 3 1 4 4 3 4 5 5 5 4 4 1 4 2 4 3 4 1 5
"196" 2 3 4 4 3 4 4 3 3 3 2 1 4 4 4 2 4 3 4 4 4 4 3 3 3 2 3 3 4 4 4 3 3 3 3 2 3 3 4 4 2 3 3 3
"197" 5 3 3 1 4 3 4 2 4 4 4 3 4 2 2 2 5 3 3 4 1 5 1 4 3 3 2 3 3 3 4 4 4 2 3 5 2 4 3 3 3 4 4 4
"198" 3 3 5 1 4 4 5 3 2 5 4 1 5 3 5 5 5 1 4 5 5 5 1 5 5 5 1 5 3 5 5 5 5 3 3 2 1 5 5 5 1 5 1 5
"199" 5 4 4 4 2 1 5 2 2 4 4 2 5 3 2 3 3 1 1 3 1 5 1 4 3 4 1 4 2 3 1 5 4 5 2 5 3 2 1 3 2 4 3 2
"200" 5 2 3 1 2 2 4 2 4 4 3 1 5 2 2 3 5 2 4 3 3 5 2 4 2 4 1 5 4 3 4 4 4 4 3 3 2 4 1 2 4 4 3 3
"201" 3 4 3 5 4 1 3 4 1 5 2 4 3 5 4 4 2 2 5 5 3 5 4 3 4 3 4 4 5 3 1 3 2 1 4 4 4 3 3 3 4 3 3 2
"202" 4 4 4 2 4 3 3 3 3 4 3 1 4 2 3 3 3 3 3 4 3 4 3 3 3 3 2 3 4 4 3 3 3 3 3 3 4 3 4 3 1 3 2 3
"203" 2 3 5 2 3 3 4 2 1 3 3 1 5 5 3 2 4 3 4 4 5 5 3 1 3 2 4 3 5 5 5 4 4 2 4 4 3 3 4 2 1 3 4 4
"204" 3 2 5 5 4 3 5 2 5 5 4 3 5 5 1 2 1 2 5 5 5 5 5 4 4 3 4 3 5 3 3 3 3 5 5 2 5 4 5 5 4 5 5 4
"205" 5 4 5 1 5 1 4 4 5 5 4 4 5 3 4 5 5 5 1 5 1 4 3 5 5 5 1 3 5 5 4 5 4 4 3 5 1 3 2 4 1 2 4 4
"206" 3 2 4 2 4 3 4 2 4 3 3 2 4 2 4 3 4 2 2 3 3 4 2 2 4 2 2 4 4 5 4 4 4 3 2 4 3 3 2 4 1 4 2 4
"207" 5 4 5 4 3 2 4 4 3 4 5 1 5 4 5 5 4 2 4 5 1 4 2 3 3 3 1 4 2 3 1 4 4 4 5 4 3 4 4 4 3 3 3 2
"208" 1 3 2 3 2 5 3 5 4 3 4 3 3 3 3 4 3 4 5 5 5 3 4 4 4 4 3 2 4 4 5 4 5 3 3 3 2 3 3 NA NA NA NA 4
"209" 1 2 4 3 5 5 4 2 3 5 4 5 5 5 5 3 2 1 4 5 4 2 1 4 5 4 3 4 5 5 2 3 4 5 3 1 4 4 1 4 1 2 1 5
"210" 4 3 4 1 4 3 2 1 3 4 4 1 5 4 4 3 5 4 5 5 4 3 2 3 1 3 4 3 5 5 4 3 3 4 1 5 4 3 4 3 4 5 4 4
"211" 3 4 5 1 4 4 3 4 3 4 3 1 4 4 3 NA NA NA NA 3 1 4 4 4 2 1 3 4 1 3 5 4 5 5 4 4 3 5 3 2 5 4 4 5
"212" 4 4 3 2 4 2 5 3 4 4 4 3 3 2 4 3 5 4 2 4 2 3 4 3 4 3 2 4 2 5 3 3 4 3 1 4 5 3 3 4 2 5 5 4
"213" 2 4 3 5 4 3 4 3 4 5 4 1 4 4 5 4 2 2 4 4 4 4 3 2 4 4 4 3 4 5 4 4 3 3 1 2 3 3 4 4 3 3 2 5
"214" 5 4 5 2 3 2 3 3 3 3 4 4 3 3 3 4 4 3 3 4 1 3 4 3 4 5 5 4 4 3 1 3 3 3 1 5 5 2 3 2 4 2 4 3
"215" 5 3 4 3 5 1 5 1 1 5 4 3 5 4 5 4 4 1 5 5 1 5 3 1 4 4 1 4 5 4 3 5 5 2 3 5 3 4 4 4 4 5 5 3
"216" 5 3 5 1 3 5 5 4 4 3 5 3 5 4 4 3 4 3 4 1 1 5 1 4 3 3 4 5 4 5 1 5 4 4 3 5 1 5 3 2 2 5 4 3
"217" 1 5 4 2 3 5 1 4 3 4 5 5 3 2 3 5 5 5 5 1 5 1 5 4 3 5 5 1 3 5 5 1 5 3 5 3 5 1 4 1 5 1 5 5
"218" 4 2 2 3 3 4 5 3 2 4 2 1 4 4 3 2 4 5 4 4 4 5 5 2 2 2 2 2 5 3 4 4 2 2 4 2 2 1 4 4 3 4 3 2
"219" 3 2 4 4 1 4 5 4 1 5 3 1 5 4 5 3 5 4 5 4 3 5 2 2 3 3 1 2 3 5 4 5 3 4 4 3 1 2 4 3 3 4 4 3
"220" 1 1 4 2 4 3 3 2 4 2 4 4 2 1 5 4 3 4 3 1 4 4 1 4 1 4 3 5 2 5 4 4 2 4 4 4 3 5 2 4 2 4 2 4
"221" 4 1 4 4 4 4 5 4 4 5 4 1 4 3 5 5 5 5 5 5 4 5 1 2 4 3 1 3 2 5 4 5 4 5 3 5 1 2 1 5 3 4 5 4
"222" 3 2 4 5 3 4 4 2 1 5 2 1 5 5 4 2 4 3 5 5 5 4 1 1 3 4 1 3 5 5 4 5 4 1 4 3 1 3 5 5 5 4 3 4
"223" 1 1 3 1 4 1 3 1 5 1 3 4 3 1 5 1 3 3 4 3 1 3 4 4 1 4 3 3 1 4 4 3 3 4 5 4 3 3 1 4 3 3 1 3
"224" 4 1 4 1 4 2 5 1 4 4 5 1 4 1 4 4 3 2 1 4 3 4 1 3 5 3 1 5 3 5 3 5 4 3 3 4 1 4 2 4 1 5 1 3
"225" 5 4 5 3 3 2 5 1 2 5 3 1 5 4 5 4 5 1 5 2 2 4 2 2 3 4 1 5 1 3 4 5 5 4 4 5 1 5 4 5 2 4 4 3
"226" 1 4 2 5 1 3 2 4 2 4 5 4 2 5 4 3 4 3 1 2 3 1 2 1 2 3 4 2 5 2 5 2 4 4 3 2 4 2 5 2 3 2 4 2
"227" 3 4 5 2 3 3 5 1 2 3 2 1 5 3 2 3 4 1 2 3 3 5 1 2 3 3 1 5 2 3 3 5 5 4 2 3 1 5 3 3 3 4 1 3
"228" 4 4 4 4 1 4 3 3 2 4 3 1 1 2 1 4 4 3 2 4 4 5 4 2 1 1 3 2 5 5 5 5 4 3 1 4 1 3 5 3 1 4 3 3
"229" 3 2 3 4 2 2 4 3 2 3 4 2 1 4 3 4 2 3 2 3 5 5 4 3 3 3 3 3 3 4 3 4 4 3 4 3 2 2 3 4 3 2 3 2
"230" NA NA NA NA NA NA NA NA NA NA NA NA NA NA NA NA NA NA NA NA NA NA NA NA 3 3 4 2 4 4 5 1 3 4 5 1 4 1 5 4 5 2 1 4
"231" 2 2 5 3 3 4 4 2 4 5 5 1 5 5 5 3 2 1 5 4 5 4 1 2 2 2 1 5 4 4 5 4 5 3 4 2 1 5 4 5 4 4 1 4
"232" 4 2 2 4 3 2 3 4 2 3 2 2 3 4 3 2 2 4 4 3 2 3 4 2 2 2 3 3 4 2 3 2 2 2 5 4 2 3 4 3 4 4 4 3
"233" 5 3 5 1 4 1 4 1 4 4 1 1 5 3 4 4 5 1 2 4 1 5 3 5 4 4 1 5 3 3 1 4 5 4 2 5 1 4 3 4 3 2 4 2
"234" 1 5 3 3 2 3 1 5 5 5 5 4 1 5 5 3 3 5 5 5 5 1 5 5 5 4 3 1 4 5 2 4 3 3 4 3 5 3 4 5 5 2 4 5
"235" 5 4 4 4 4 4 4 4 4 2 4 2 4 4 2 4 4 3 3 2 2 4 1 4 2 5 4 4 3 3 3 3 3 2 3 4 4 4 4 2 4 4 4 5
"236" 5 4 3 1 3 1 4 2 4 3 2 2 3 2 3 3 4 1 2 2 1 4 3 3 2 3 1 3 1 3 1 4 4 4 3 5 2 3 3 4 2 5 3 3
"237" 5 4 4 1 5 2 5 3 2 4 5 1 5 4 4 5 5 4 4 5 1 5 3 5 5 5 1 5 2 5 2 5 5 4 4 5 2 4 4 3 1 5 4 5
"238" 1 1 4 1 5 1 3 2 4 3 5 5 4 2 5 1 5 4 4 3 2 2 2 3 1 2 2 4 1 5 3 2 2 5 5 4 1 4 2 2 3 2 2 5
"239" 4 2 3 4 3 3 5 4 3 5 5 3 5 5 3 4 3 4 5 3 4 5 4 4 2 3 3 3 4 4 4 5 3 2 3 3 3 3 4 3 2 5 4 2
"240" 2 2 3 1 3 3 4 2 3 4 3 1 4 3 4 3 4 4 2 4 5 4 3 3 4 3 2 3 2 4 4 4 3 3 3 2 1 3 3 3 2 3 4 4
"241" 4 4 3 2 5 3 4 2 3 3 4 3 5 3 1 3 5 1 3 3 3 5 1 5 5 4 1 5 3 4 3 5 3 5 5 2 1 3 4 3 3 5 3 3
"242" 3 2 5 1 3 5 4 3 2 5 4 2 5 4 3 3 3 2 2 3 4 4 3 3 3 3 1 4 4 3 4 3 3 3 4 3 1 4 3 3 2 4 2 3
"243" 5 4 5 4 4 4 4 4 3 5 4 3 5 5 5 5 4 1 5 5 2 4 2 2 4 4 3 3 4 5 2 4 5 2 5 5 2 4 3 3 1 4 3 5
"244" 4 3 4 3 3 4 5 2 4 5 4 2 5 5 4 4 4 1 3 3 4 4 1 4 5 4 3 4 3 5 3 5 4 3 2 4 1 4 3 4 1 3 2 5
"245" 5 4 5 1 3 2 4 1 4 3 3 1 5 4 4 3 4 1 4 1 3 4 1 4 1 1 1 5 4 5 1 4 5 4 3 4 2 5 2 4 2 4 3 3
"246" 1 4 5 4 4 5 5 2 4 4 2 2 5 4 5 4 1 1 4 4 5 1 1 1 2 2 5 5 5 5 5 5 5 4 4 1 1 4 4 4 1 5 1 4
"247" 1 3 5 4 5 3 3 3 5 4 2 5 4 4 5 4 4 4 3 3 5 5 1 4 1 2 3 3 3 5 5 4 4 4 4 2 1 5 3 4 4 4 3 4
"248" 4 4 2 4 4 2 4 4 1 4 3 2 4 4 3 4 3 4 4 4 2 4 3 1 4 4 2 3 4 4 3 3 3 2 3 4 3 4 4 4 2 3 4 4
"249" 2 5 4 2 3 4 2 3 2 4 3 2 5 4 4 2 3 1 5 4 5 3 3 2 4 3 2 4 3 4 5 1 4 2 2 3 4 3 4 3 4 3 2 1
"250" 4 3 3 1 3 3 4 4 4 3 3 3 4 3 1 1 4 2 2 4 5 5 5 3 3 3 3 4 4 3 4 5 4 4 4 5 5 3 5 3 3 3 4 1
"251" 4 4 5 4 3 3 3 4 1 2 2 4 5 5 4 5 4 3 4 5 3 5 4 3 3 3 1 4 4 4 3 4 5 5 5 5 4 5 4 5 4 3 4 3
"252" 1 1 2 3 4 4 3 4 3 2 1 3 2 3 5 3 3 2 4 4 5 4 5 4 4 2 3 1 3 4 3 NA NA NA NA 5 3 4 2 4 3 3 4 4
"253" 1 5 4 5 3 4 1 5 1 3 5 5 1 5 4 4 5 4 1 1 5 1 5 1 5 5 5 3 5 3 5 1 5 5 4 1 5 4 5 4 5 4 5 1
"254" 4 3 4 2 3 3 4 2 3 4 4 2 5 4 2 4 3 2 2 4 2 4 2 3 1 3 3 4 4 3 2 3 4 3 3 4 2 4 2 3 3 4 2 1
"255" 4 3 4 1 2 4 3 2 3 4 1 2 5 4 3 3 2 2 3 2 3 4 3 2 4 4 2 3 3 4 4 4 4 3 2 4 2 4 3 3 2 4 3 4
"256" 3 4 4 3 4 3 4 4 3 4 3 2 5 3 2 3 3 2 3 3 4 5 1 3 3 3 3 3 3 2 4 3 4 3 4 3 3 3 3 4 3 3 3 2
"257" 1 4 5 4 4 4 4 4 2 4 3 3 5 5 5 2 2 1 5 3 5 2 4 4 2 4 4 4 4 3 4 2 4 3 5 1 3 5 5 3 4 3 2 1
"258" 1 5 3 5 1 5 1 3 3 4 4 3 4 5 5 5 4 4 1 4 5 1 5 4 4 4 5 4 5 3 3 1 4 5 4 5 5 1 3 1 2 1 5 3
"259" 5 2 5 1 4 2 4 2 4 5 5 4 5 4 4 5 5 1 4 4 1 5 1 3 4 5 2 5 2 4 1 4 4 3 2 5 1 5 1 4 3 4 4 3
"260" 4 3 4 4 3 2 5 3 2 4 2 5 4 5 4 2 4 3 4 2 4 4 4 2 3 2 3 1 4 2 5 5 4 2 4 2 4 4 4 3 2 5 2 1
"261" 5 5 3 5 1 5 4 3 2 3 1 5 1 5 4 2 4 2 4 1 3 5 5 3 1 1 3 2 5 3 4 5 4 5 3 1 1 3 3 2 5 5 4 1
"262" 5 4 5 3 3 3 3 3 3 4 4 3 4 4 3 4 4 3 4 4 3 4 3 3 3 4 3 5 4 3 3 3 4 3 5 5 3 3 4 3 3 4 3 3
"263" 4 1 5 1 4 2 5 4 5 3 4 1 5 4 2 3 5 1 3 2 4 5 3 4 1 1 1 4 4 5 4 5 5 4 5 4 1 3 1 2 4 5 4 1
"264" 4 4 4 3 4 2 4 1 2 4 3 2 4 2 4 3 2 1 4 4 3 5 3 1 2 4 4 4 4 4 4 4 4 4 5 4 3 4 2 3 2 4 2 4
"265" 2 3 4 2 4 5 4 3 2 4 1 4 4 5 4 2 3 4 4 3 5 4 4 1 3 1 4 1 5 1 5 2 4 1 4 3 2 2 3 2 5 5 4 3
"266" 1 5 4 2 3 5 2 3 1 4 5 4 5 5 4 2 2 1 5 4 5 5 3 1 3 1 1 3 5 5 5 1 4 1 5 1 1 4 5 3 1 3 3 4
"267" 5 4 5 1 4 1 5 4 1 4 4 1 5 5 3 5 5 4 4 5 2 5 2 1 4 4 1 5 5 5 4 5 4 2 1 5 2 4 1 5 1 5 2 5
"268" 2 1 5 1 5 3 4 2 5 4 3 1 5 2 5 2 4 1 3 5 2 3 2 4 5 3 1 3 3 4 2 2 4 3 2 1 2 4 2 4 1 3 3 5
"269" 5 4 4 2 3 1 4 3 2 4 4 2 4 4 3 4 1 1 5 1 1 5 1 4 3 4 1 4 4 2 3 5 5 2 4 4 3 3 4 2 3 4 5 5
"270" 1 1 2 3 4 1 2 5 4 3 3 3 3 1 5 3 2 1 3 2 4 1 5 4 3 2 1 1 3 3 1 3 5 4 3 3 3 2 3 4 4 3 3 4
"271" 4 3 4 1 2 2 3 2 3 4 3 2 3 3 2 3 4 2 2 2 2 5 2 3 1 3 2 4 4 3 2 5 5 3 1 3 2 3 2 2 2 5 3 2
"272" 5 5 5 1 4 1 5 2 2 4 4 3 5 3 5 5 2 1 5 4 3 3 1 2 3 3 1 5 3 4 1 5 5 3 2 4 3 3 3 3 2 5 1 2
"273" 2 3 5 3 5 5 4 3 3 4 3 2 5 3 5 3 5 4 5 5 4 5 1 2 5 1 4 5 4 5 5 5 3 3 3 2 2 3 5 5 1 4 3 5
"274" 5 1 5 1 4 1 5 2 4 5 5 1 5 4 5 5 5 1 4 5 1 5 1 4 4 3 2 5 4 5 2 5 5 4 1 5 4 5 3 5 1 5 2 5
"275" 1 4 5 5 2 2 2 3 1 4 2 3 3 1 3 1 1 3 2 3 4 1 3 2 2 3 1 2 4 3 2 1 3 4 2 1 3 2 2 3 3 1 1 1
"276" 3 4 3 3 4 2 4 3 3 5 1 4 5 4 4 2 3 2 3 5 4 1 3 4 3 3 3 4 5 4 4 2 3 4 1 3 4 4 3 4 2 1 3 4
"277" 5 1 4 3 3 2 5 1 2 4 4 2 4 5 3 4 3 1 5 3 1 4 3 2 3 5 3 4 5 1 2 5 5 4 4 5 2 4 3 4 4 5 2 1
"278" 2 5 4 4 4 4 2 3 4 1 4 2 4 4 4 4 3 3 4 5 5 1 4 5 1 5 4 1 4 5 5 2 4 4 3 4 4 4 4 4 4 1 3 5
"279" 5 4 5 1 4 3 5 1 5 4 5 4 5 4 4 5 4 2 3 5 1 5 1 4 4 4 1 5 4 5 1 5 4 4 2 5 1 4 1 5 1 5 4 4
"280" 2 2 4 2 3 3 4 2 3 3 3 2 4 4 4 4 4 3 3 3 4 3 2 3 3 3 2 4 3 2 3 3 4 2 2 4 3 4 3 3 3 4 3 3
"281" 4 3 4 3 4 2 4 3 2 4 4 1 5 4 3 3 4 3 4 4 3 4 2 3 3 4 4 4 3 4 4 4 4 3 3 5 2 4 2 4 2 4 2 4
"282" 2 2 5 1 3 4 4 3 3 4 3 1 5 4 4 3 2 1 2 3 5 4 1 4 3 1 4 4 4 4 5 5 5 3 4 1 1 5 4 4 3 4 2 3
"283" 3 1 5 5 3 4 5 1 1 5 3 1 5 5 5 3 5 1 5 5 3 5 1 3 3 1 1 5 1 3 5 5 5 3 1 4 1 5 5 5 3 5 1 1
"284" 2 4 5 4 4 4 4 3 2 3 3 3 5 4 5 3 4 3 4 5 5 4 2 3 3 4 4 5 4 5 5 5 5 3 4 3 3 5 4 4 1 4 2 5
"285" 2 3 4 3 3 4 4 2 4 3 2 2 4 5 2 2 4 4 5 2 5 4 4 2 2 3 2 4 3 3 4 4 4 2 4 3 2 5 4 3 3 3 4 2
"286" 3 3 5 1 4 4 4 2 4 5 2 2 5 2 5 4 3 2 2 5 2 4 2 5 4 4 3 4 2 5 2 4 5 5 4 3 4 4 2 4 2 5 2 4
"287" 4 2 4 2 2 3 4 3 4 3 3 2 5 2 2 3 5 2 3 3 3 4 3 3 3 3 3 4 3 2 3 4 3 4 1 4 2 2 3 2 2 3 3 2
"288" 4 2 4 4 4 4 4 4 1 5 2 4 4 4 3 3 4 4 5 4 3 4 4 1 4 3 3 4 5 4 4 4 4 2 2 3 4 4 3 4 4 2 5 2
"289" 4 4 5 4 5 1 4 4 1 5 5 5 5 4 5 5 5 1 5 5 1 5 1 4 4 5 1 5 4 5 5 5 4 4 2 4 5 3 4 4 1 4 4 1
"290" 1 4 5 1 4 4 3 4 1 5 2 4 5 5 4 2 4 1 4 1 4 4 1 4 1 5 2 5 5 4 5 3 5 1 4 4 3 5 4 5 5 3 1 1
"291" 4 4 5 1 4 3 4 1 4 4 3 1 5 4 3 3 4 2 2 4 3 3 2 3 5 4 1 5 1 2 3 4 5 4 3 5 1 4 2 4 2 4 4 2
"292" 4 2 4 1 3 2 4 2 5 5 4 3 4 4 2 5 4 4 3 3 1 4 2 5 4 4 1 2 4 2 4 3 3 4 1 4 3 3 4 3 4 4 2 2
"293" 5 1 4 1 5 1 4 2 2 5 5 4 3 5 5 5 5 5 5 5 1 4 4 2 5 5 1 4 5 5 1 5 4 4 2 5 2 3 5 5 1 4 4 5
"294" 4 3 4 2 5 3 5 2 4 5 2 2 4 3 3 4 4 2 4 4 3 4 2 3 4 3 2 4 2 5 4 5 4 4 3 3 1 4 4 4 1 5 2 3
"295" 4 2 4 1 2 4 4 2 4 4 5 1 5 1 3 5 4 4 4 3 4 4 2 5 1 4 3 4 2 4 3 4 4 4 3 4 2 4 3 4 2 5 3 3
"296" 3 3 5 4 2 4 5 2 4 3 3 1 4 4 3 3 4 5 5 3 4 4 5 2 3 1 1 2 3 4 5 4 3 2 4 3 2 2 1 3 3 4 4 5
"297" 5 1 4 1 5 1 5 2 2 5 5 5 3 5 5 3 5 5 1 1 5 5 5 5 5 5 1 1 5 5 5 5 2 1 1 5 5 4 1 5 1 5 5 4
"298" 2 4 3 4 2 4 3 4 2 4 5 4 1 5 4 4 3 3 2 4 3 3 4 3 4 3 4 2 5 4 4 3 4 5 4 5 4 3 3 2 4 3 4 2
"299" 4 2 5 2 2 4 4 2 4 2 2 2 4 2 2 2 4 1 4 3 4 4 2 3 2 2 2 4 4 4 3 4 4 3 5 2 1 4 4 3 3 4 1 3
"300" NA NA NA NA NA NA NA NA NA NA NA NA NA NA NA NA NA NA NA NA NA NA NA NA NA NA NA NA NA NA NA NA NA NA NA NA NA NA NA NA NA NA NA NA
"301" 4 4 5 1 4 2 4 3 2 4 3 2 5 4 3 3 4 3 4 4 2 4 3 4 4 4 2 5 4 4 3 3 5 2 2 4 4 4 2 4 1 4 2 5
"302" 5 4 5 1 3 3 4 1 4 5 4 1 5 5 4 4 5 1 4 5 4 4 1 3 2 5 3 5 5 4 4 4 5 1 5 4 1 4 3 5 1 5 1 5
"303" 4 4 5 2 3 4 5 1 3 4 2 3 5 3 3 3 4 1 4 3 4 3 1 4 4 3 3 5 3 3 4 5 5 4 3 3 2 4 4 3 3 4 3 3
"304" 3 1 5 5 4 5 5 1 5 3 3 1 5 4 2 4 4 1 3 4 5 5 1 2 3 2 1 3 4 3 4 5 5 4 4 2 1 3 3 4 4 5 1 2
"305" 5 3 5 1 5 4 5 1 2 3 4 1 5 1 3 4 4 1 4 5 3 4 1 4 4 5 5 4 4 5 5 5 5 3 4 5 2 5 3 3 1 5 2 5
"306" 4 4 4 2 3 3 3 2 3 5 1 2 4 4 4 4 3 2 4 4 3 5 4 3 3 3 1 3 3 5 4 5 3 3 3 4 2 3 3 4 1 3 3 5
"307" 3 3 5 2 3 3 4 4 5 4 2 3 4 2 2 3 5 5 1 5 3 4 4 4 3 3 2 4 4 2 3 3 3 5 2 3 2 4 2 3 4 2 3 1
"308" 4 3 4 2 4 2 4 2 4 4 4 1 5 2 2 3 4 1 2 4 4 5 2 4 4 4 3 4 3 4 4 4 5 4 2 4 1 4 3 4 2 5 3 3
"309" 5 2 5 2 4 1 4 4 5 5 4 1 5 3 5 4 5 2 3 4 2 4 2 5 4 3 4 4 2 5 3 5 5 5 2 5 2 4 2 5 2 4 3 4
"310" 4 2 5 1 5 4 4 2 4 5 2 1 5 3 3 3 4 1 4 4 2 5 1 4 4 4 1 5 1 3 2 4 5 5 2 4 1 5 3 4 3 5 1 4
"311" 3 5 4 2 4 4 4 4 4 2 5 3 4 3 5 5 4 4 1 5 5 2 5 3 5 4 5 3 4 5 5 4 3 3 2 4 5 3 4 4 4 1 5 5
"312" 5 4 5 3 5 3 4 1 2 5 2 3 4 4 4 3 3 2 4 5 2 5 4 4 5 4 1 5 3 5 1 5 5 3 2 4 3 4 1 4 1 5 3 5
"313" 2 4 5 4 4 4 4 2 3 3 4 4 4 4 4 3 2 2 5 4 5 5 2 1 4 4 3 4 4 4 4 4 4 3 3 4 4 4 4 4 2 4 4 4
"314" 2 4 2 5 2 4 3 4 1 3 2 3 3 5 4 3 2 4 5 3 5 3 4 1 3 1 4 3 4 4 5 3 2 1 3 1 4 3 5 3 2 4 3 3
"315" 4 4 5 4 4 2 4 2 2 4 5 2 5 4 4 4 2 1 5 5 2 5 1 2 4 4 2 5 4 3 4 4 5 2 2 5 2 5 3 4 3 4 2 3
"316" 2 3 5 4 5 3 4 2 1 5 4 1 5 5 4 3 3 2 5 3 4 5 2 4 5 2 3 5 3 5 5 3 4 2 2 3 3 3 5 3 2 5 3 4
"317" 5 2 4 3 4 2 4 4 2 5 4 1 5 4 3 4 4 5 5 5 3 5 1 3 2 3 1 3 4 5 4 4 2 2 4 4 3 4 4 4 2 5 4 4
"318" 3 3 4 1 3 4 4 4 4 4 4 2 5 3 3 3 4 4 2 3 3 5 4 4 4 3 2 5 3 5 5 5 5 4 5 5 2 5 3 4 1 4 3 5
"319" 3 2 4 4 4 4 3 3 2 4 3 1 4 2 4 3 3 3 2 2 2 2 3 3 4 2 3 3 3 2 4 4 4 2 2 2 3 3 2 3 3 3 4 2
"320" 5 3 4 3 4 2 4 3 4 5 3 3 3 3 3 4 3 1 2 4 2 3 3 2 4 4 2 3 3 5 3 4 4 4 4 4 3 5 3 3 1 3 3 4
"321" 5 3 5 2 4 2 3 2 1 3 2 1 5 5 3 2 4 3 5 4 1 5 1 5 4 4 1 5 4 3 3 4 3 1 3 5 2 1 3 5 1 4 1 5
"322" 5 2 4 2 4 2 5 4 5 4 3 1 4 3 5 5 1 3 5 5 1 5 3 2 3 1 3 2 3 5 4 4 3 1 4 5 2 3 5 5 4 5 3 3
"323" 1 4 4 4 2 5 1 4 2 5 5 4 2 4 1 4 4 5 2 1 5 2 4 2 5 5 4 2 4 2 2 1 5 4 5 4 4 4 4 1 4 2 4 4
"324" 5 4 3 3 4 1 2 3 2 4 2 4 3 5 1 5 5 4 4 3 2 4 4 4 4 3 1 2 4 5 1 2 3 4 4 5 5 1 2 4 2 1 3 1
"325" 5 2 5 4 2 4 3 4 2 3 1 2 5 5 2 3 3 4 5 5 3 3 2 2 2 2 4 3 4 3 5 3 4 3 2 2 3 4 5 4 2 4 4 1
"326" 4 2 4 1 3 2 4 2 3 4 5 2 5 3 4 3 4 1 3 3 2 4 2 4 4 4 2 4 3 4 3 4 3 3 5 5 3 4 4 3 3 4 2 4
"327" 4 1 5 3 5 2 4 3 4 4 5 1 5 2 3 4 5 1 3 4 2 4 1 3 4 4 2 5 1 4 2 4 5 4 1 4 1 5 3 5 1 4 2 3
"328" 5 1 3 1 4 1 5 2 5 5 4 1 5 1 3 5 5 4 5 5 5 4 1 5 5 5 1 2 3 4 1 5 5 5 4 5 1 5 1 4 1 5 1 5
"329" 4 4 3 1 4 1 3 4 1 5 5 4 5 3 3 3 2 5 3 5 1 5 2 3 3 5 1 3 5 3 1 4 4 1 5 3 5 5 4 3 5 2 3 1
"330" 2 4 4 3 2 4 2 4 4 3 2 2 1 5 4 4 3 4 5 3 5 3 3 4 4 4 2 3 3 4 4 4 4 3 3 2 3 4 3 3 4 2 3 4
"331" 5 4 5 4 2 2 5 3 1 3 4 2 5 5 2 5 4 2 5 4 1 2 1 1 3 4 2 4 5 3 2 5 4 2 4 5 3 5 1 3 2 5 4 2
"332" 5 4 3 4 2 1 5 3 2 3 3 2 5 4 4 2 4 1 4 4 2 4 4 5 3 3 4 5 4 4 2 5 3 3 4 5 5 3 2 3 3 3 3 3
"333" 2 4 3 4 4 3 4 3 2 4 2 4 3 4 4 3 4 2 4 4 3 3 3 2 3 2 3 3 4 3 3 4 3 2 3 2 1 2 3 3 2 3 2 2
"334" 2 1 4 1 4 4 5 2 4 5 5 1 5 1 4 3 5 1 2 3 4 5 1 5 4 2 1 5 1 5 5 5 5 4 2 4 2 5 2 4 3 3 1 4
"335" 2 3 4 5 2 2 5 4 1 2 1 2 5 5 5 1 4 5 5 5 2 1 4 1 2 1 1 2 5 1 4 3 4 1 5 1 3 2 4 3 3 3 3 3
"336" 3 5 3 3 4 3 4 2 3 4 4 2 4 4 2 3 2 2 3 3 3 2 2 2 3 4 4 4 4 4 4 3 3 3 2 3 3 2 4 4 2 3 4 2
"337" 4 2 4 2 4 4 4 2 4 4 3 3 5 2 3 3 4 1 3 4 4 4 1 2 3 3 3 4 4 3 4 3 4 3 3 3 4 4 4 3 3 4 3 2
"338" 4 5 5 2 4 4 5 1 3 4 4 2 5 5 5 4 5 1 5 4 5 5 1 1 3 3 2 3 3 3 5 5 5 2 5 4 2 5 5 3 4 4 2 5
"339" 5 3 2 4 5 3 4 4 4 5 5 4 3 4 3 5 5 4 4 5 1 5 3 4 5 5 2 2 4 5 3 4 3 4 2 5 4 3 4 4 1 5 5 4
"340" 2 4 4 1 1 4 2 2 3 4 3 1 5 4 3 2 3 2 5 4 4 3 2 4 2 3 4 3 4 4 4 2 4 3 4 3 2 4 3 3 3 3 2 2
"341" 4 2 5 1 4 3 4 2 4 4 4 1 5 3 4 3 4 3 2 4 2 4 2 4 3 4 1 4 4 3 3 4 4 3 4 5 2 3 2 3 3 4 2 3
"342" 5 4 2 1 2 1 3 2 5 3 2 2 5 2 1 2 2 1 1 2 3 4 5 5 3 5 2 4 2 5 2 2 4 5 1 5 4 3 1 2 1 1 5 5
"343" 5 4 5 3 3 1 3 3 2 3 4 3 5 4 3 4 4 2 4 3 1 5 2 2 3 4 2 4 3 5 1 5 5 3 4 5 1 5 3 3 1 4 3 5
"344" 4 4 4 4 4 1 3 2 2 5 3 3 4 4 4 3 3 1 4 5 3 2 3 1 4 3 2 4 5 3 2 4 4 2 1 3 3 4 3 3 3 3 3 3
"345" 2 1 5 1 4 4 5 1 4 5 2 1 5 3 4 3 4 2 4 5 4 4 4 5 3 3 2 3 2 5 5 5 4 5 3 2 1 2 2 4 1 3 3 4
"346" 4 5 2 2 2 1 2 3 4 2 3 3 2 3 2 2 2 4 2 3 2 3 4 4 5 4 3 2 3 3 1 2 3 4 4 5 4 4 1 3 2 3 3 4
"347" 5 4 5 1 4 1 4 2 5 4 5 4 5 2 4 5 4 1 1 4 1 4 1 5 3 5 4 5 4 5 1 5 5 5 3 5 4 4 1 4 4 5 1 4
"348" 3 2 3 1 4 4 4 3 3 5 4 1 4 3 4 3 5 4 4 3 4 5 3 3 3 2 1 3 3 4 3 4 4 3 4 3 1 3 4 4 1 4 4 3
"349" 5 4 5 1 5 3 4 3 5 4 3 2 5 2 3 4 3 1 1 3 1 3 3 5 4 3 1 4 3 3 2 2 4 5 3 4 3 4 1 4 3 4 3 1
"350" 3 2 4 2 3 3 4 2 3 3 3 1 5 3 3 3 4 2 4 3 2 4 3 3 2 3 2 3 3 3 4 4 4 3 3 4 4 3 3 3 3 4 4 3
"351" 5 4 5 2 3 4 4 4 4 4 3 4 5 4 2 4 4 1 3 3 2 4 4 4 3 4 4 4 5 3 4 4 4 3 4 4 3 4 4 3 4 5 3 2
"352" 3 1 5 4 3 3 4 1 2 3 2 1 5 4 3 3 4 3 4 4 4 4 1 2 3 2 1 5 3 3 4 5 5 2 2 3 1 4 4 3 2 5 3 3
"353" 3 4 5 1 4 3 4 1 3 3 4 2 4 2 2 4 4 2 1 4 2 5 2 4 3 5 1 5 1 4 1 3 5 4 3 4 2 5 1 4 1 4 3 4
"354" 3 1 4 2 3 2 4 4 3 4 3 1 5 3 3 2 2 4 3 4 2 4 3 4 3 3 2 2 4 4 3 4 2 3 2 4 2 2 2 4 2 5 5 4
"355" 2 5 1 5 1 5 1 5 2 2 5 4 1 5 4 3 4 5 3 5 4 1 5 1 4 4 5 1 4 1 3 1 5 4 3 3 5 5 5 1 3 2 4 1
"356" 5 4 5 3 4 1 4 2 4 5 5 2 5 4 3 5 5 1 4 3 1 4 2 3 4 5 4 4 4 4 1 4 5 4 3 5 4 5 1 4 2 4 2 3
"357" 5 1 1 2 5 1 3 5 4 5 2 1 3 4 4 5 4 5 3 4 1 5 4 5 5 4 1 3 4 3 3 3 1 4 3 5 3 2 2 4 5 4 5 1
"358" 5 3 5 2 3 4 5 1 3 5 1 4 5 5 5 3 5 1 3 3 3 4 1 3 3 3 2 5 3 5 4 5 5 3 4 4 1 4 3 2 3 5 2 3
"359" 3 2 5 3 3 5 5 4 4 5 4 1 5 1 5 2 5 1 3 3 5 5 1 4 1 4 1 5 4 5 5 5 5 5 5 3 1 5 4 5 2 5 3 3
"360" 2 3 2 1 4 4 4 3 4 4 3 1 4 2 5 3 5 4 1 4 4 4 4 3 3 2 2 5 4 4 3 4 5 4 5 3 1 5 2 4 2 4 3 4
"361" 1 3 4 4 3 NA NA NA NA 5 4 4 3 1 3 4 5 5 3 3 1 5 3 5 4 3 2 NA NA NA NA NA NA NA NA 5 NA NA NA NA 5 NA NA NA
"362" 4 1 5 3 5 4 4 3 3 5 5 3 4 3 4 5 5 3 3 5 4 4 1 1 5 4 1 5 5 5 2 4 3 3 3 3 5 3 4 3 1 3 4 3
"363" 5 4 4 1 4 1 3 3 3 4 4 4 4 3 3 3 3 3 2 3 1 5 3 4 4 4 4 4 3 1 3 3 4 3 1 3 3 3 2 3 1 3 4 1
"364" 3 5 5 1 4 3 5 1 3 3 4 1 5 4 5 3 2 1 2 4 2 2 1 5 4 4 3 5 2 5 2 3 5 4 5 3 1 5 2 4 1 3 4 5
"365" 5 4 4 3 4 2 4 5 2 5 3 4 5 5 3 4 5 4 5 5 1 4 4 2 4 2 1 1 3 2 1 4 2 2 5 5 3 2 2 2 4 3 5 2
"366" 4 3 4 3 4 4 4 2 3 4 2 1 5 4 4 4 4 2 3 1 4 5 3 4 4 3 2 3 4 4 3 4 4 3 2 4 2 3 4 4 3 4 3 3
"367" 4 1 5 2 3 4 4 2 3 3 4 2 5 4 3 4 4 2 4 3 4 5 1 3 3 2 4 3 4 3 4 5 5 3 3 3 1 3 3 4 3 4 2 3
"368" NA NA NA NA 5 4 4 2 5 3 4 3 2 4 5 2 5 3 2 3 4 4 4 5 3 5 4 4 4 3 2 4 3 3 4 5 4 4 4 5 1 4 1 3
"369" 3 3 2 4 2 3 4 4 2 3 4 1 5 4 4 4 3 4 5 5 3 4 3 3 2 3 4 5 5 3 4 4 4 2 4 3 4 3 5 3 2 3 4 3
"370" 4 3 5 4 5 1 4 1 2 5 4 1 5 4 3 5 5 4 4 4 1 4 1 5 5 4 1 5 5 3 1 5 5 4 4 5 2 5 3 4 2 3 2 2
"371" 4 4 4 3 4 1 4 4 3 5 5 5 5 5 5 5 4 2 5 5 2 5 4 2 2 4 2 3 5 2 2 4 4 5 2 5 2 4 4 4 1 3 4 2
"372" 4 4 3 2 4 3 4 4 4 5 4 2 4 3 4 4 5 4 2 4 1 4 1 4 3 4 2 4 2 3 3 3 4 4 2 5 2 4 2 4 3 4 3 3
"373" 5 4 5 4 5 2 4 3 1 5 4 2 5 5 4 4 4 1 5 4 1 4 2 2 3 5 4 5 5 4 1 4 4 3 4 5 3 4 3 4 4 4 2 5
"374" 4 1 3 3 4 2 5 3 2 5 3 1 4 4 3 4 4 2 4 4 3 4 2 2 4 2 2 3 2 4 4 4 4 4 3 4 2 4 3 4 2 4 3 3
"375" 5 4 4 3 3 4 2 3 2 5 3 2 4 5 3 3 5 3 5 3 3 4 4 3 3 3 3 3 4 5 5 3 3 4 5 5 3 2 3 3 3 3 4 2
"376" 5 3 2 1 4 3 3 2 1 4 2 5 3 1 3 4 4 3 1 4 2 3 5 3 5 3 2 3 4 3 3 3 3 3 2 4 4 3 2 3 4 3 4 5
"377" 5 5 5 1 4 1 5 4 2 5 5 5 4 4 5 5 5 4 5 5 1 5 4 2 3 5 2 4 3 2 1 5 5 4 1 5 4 3 3 5 4 5 4 2
"378" 5 1 5 1 2 1 4 4 1 5 5 1 5 5 4 4 2 4 5 4 1 4 1 2 3 4 4 5 2 4 2 4 5 2 4 5 4 5 5 2 1 4 2 2
"379" 5 2 4 1 4 2 4 2 5 4 3 1 5 2 3 3 4 1 1 5 1 4 1 3 2 4 3 4 4 3 1 5 4 4 3 5 3 4 1 3 4 4 3 1
"380" 5 3 5 1 3 3 5 2 4 5 5 1 5 3 2 4 4 1 5 5 3 5 3 2 2 4 2 4 5 3 3 4 4 4 3 5 1 4 3 2 3 5 3 3
"381" 5 2 4 1 3 2 4 2 4 3 4 2 5 3 3 4 4 2 3 3 3 3 1 4 3 4 1 5 1 4 3 5 5 4 4 4 2 4 2 3 4 4 3 2
"382" 3 2 5 3 4 3 5 1 3 4 3 1 5 3 2 3 4 1 3 3 4 5 1 2 3 4 1 4 4 5 4 5 5 3 3 3 1 3 3 4 1 4 2 4
"383" NA NA NA NA NA NA NA NA NA NA NA NA NA NA NA NA NA NA NA NA NA NA NA NA NA NA NA NA NA NA NA NA NA NA NA NA NA NA NA NA NA NA NA NA
"384" 4 2 5 1 3 1 3 2 3 1 3 1 5 3 3 3 4 1 1 3 2 4 1 1 3 4 2 3 4 3 4 4 4 4 3 4 1 3 4 3 3 4 2 3
"385" 3 4 5 1 5 5 5 1 4 5 5 1 5 4 5 5 4 1 3 5 5 5 1 2 5 4 3 5 1 5 4 5 5 3 3 4 1 5 3 5 1 5 1 4
"386" 5 2 5 2 4 2 5 1 3 5 2 1 5 3 5 4 5 2 2 5 2 5 2 4 4 5 2 2 2 5 4 5 4 4 3 5 2 3 2 5 2 5 2 4
"387" 4 2 4 1 4 1 5 1 2 3 5 2 5 4 4 4 5 3 3 5 1 4 1 1 4 5 5 4 5 3 3 5 4 4 4 4 4 3 2 5 5 5 4 3
"388" 1 5 3 5 2 3 1 3 3 4 4 3 2 5 2 3 4 4 4 3 5 1 5 2 4 4 4 3 4 3 2 1 5 4 4 2 5 2 5 3 4 2 5 2
"389" 4 4 5 4 4 3 4 4 2 4 4 4 5 4 4 5 4 2 5 4 4 4 1 2 4 5 4 5 5 3 5 4 4 4 5 4 2 NA NA NA NA 4 4 5
"390" 5 4 5 2 4 3 4 2 2 5 3 3 5 5 4 3 4 2 4 5 4 4 4 3 4 2 4 3 5 5 4 4 4 2 1 3 3 4 4 3 1 4 3 5
"391" 4 1 3 1 4 2 5 5 2 4 2 1 5 1 2 4 4 2 4 4 3 5 2 5 4 2 2 4 3 4 4 5 4 2 2 4 5 4 2 2 1 5 2 4
"392" 4 1 5 4 4 3 4 2 3 3 3 1 5 4 3 3 5 3 5 3 3 5 1 2 3 3 1 5 3 4 3 5 5 4 4 5 2 5 5 4 3 5 4 3
"393" 4 2 4 2 5 2 2 3 4 5 4 2 5 4 5 4 2 3 4 5 2 5 1 2 5 4 4 5 3 5 4 4 4 4 1 3 3 2 5 5 1 4 2 4
"394" 2 2 4 4 4 4 4 4 1 4 1 2 5 5 5 2 4 2 5 4 4 4 2 1 4 1 2 4 4 4 4 4 3 4 2 1 2 4 4 2 2 4 2 2
"395" 3 2 4 5 3 4 5 2 1 4 3 1 4 5 3 2 4 3 5 5 4 2 2 1 3 1 1 4 4 4 4 5 4 1 2 4 1 4 4 4 1 5 4 4
"396" 1 3 2 5 1 3 3 5 3 4 5 5 1 5 3 2 2 5 2 3 3 2 5 1 5 3 3 1 5 3 3 4 5 5 3 4 4 2 5 4 2 5 3 4
"397" 5 4 5 1 4 3 5 1 4 5 4 2 5 3 4 4 2 1 2 2 1 5 1 5 5 5 1 5 2 5 4 4 5 5 3 5 3 5 1 5 1 4 5 4
"398" 1 2 4 2 3 2 4 3 2 3 2 1 4 4 3 3 3 4 3 3 4 4 2 2 2 1 4 4 4 5 5 4 3 3 4 4 3 3 3 3 1 5 2 4
"399" 5 3 5 1 4 2 4 2 2 3 2 3 5 4 3 3 4 1 2 3 2 4 1 3 2 3 1 5 4 3 3 4 5 2 3 4 1 4 2 3 4 4 2 2
"400" 5 2 5 2 5 2 5 4 2 5 4 1 5 2 5 5 5 1 4 5 3 5 2 4 4 4 2 5 4 5 2 4 4 4 2 4 4 4 2 4 1 4 1 5
"401" 4 4 5 3 3 5 4 4 3 5 4 2 5 5 4 4 3 4 5 4 4 4 4 3 2 4 4 5 4 4 4 4 4 5 1 3 4 5 3 5 2 4 4 4
"402" 3 5 4 4 4 4 4 2 2 4 3 4 4 4 4 3 2 1 5 4 4 3 2 2 3 3 4 4 5 4 4 4 5 2 2 3 3 4 3 5 2 3 3 3
"403" 5 2 5 5 3 2 5 3 1 5 1 1 5 5 5 3 5 5 5 5 2 5 1 4 3 2 1 5 5 5 5 5 3 2 1 5 2 2 4 4 2 5 5 2
"404" 3 2 4 3 3 NA NA NA NA 4 3 5 4 5 3 5 4 5 4 4 3 2 4 5 4 5 4 4 3 2 5 4 4 5 5 4 4 3 4 3 4 2 3 4
"405" 5 2 5 1 4 2 4 2 5 5 5 1 5 2 4 5 4 1 1 3 2 4 1 4 3 3 1 2 1 4 2 4 5 5 4 5 2 5 1 3 2 4 1 3
"406" 4 2 5 4 5 1 5 2 4 5 4 2 5 4 4 3 4 4 4 4 1 4 4 5 5 5 1 5 4 2 2 5 5 4 1 4 1 4 2 4 1 5 2 4
"407" 1 4 5 3 1 5 3 4 1 5 2 4 5 5 4 2 4 1 5 5 5 4 3 1 1 3 4 5 5 3 4 5 5 2 5 1 4 4 5 3 3 1 5 1
"408" 2 1 1 2 4 4 3 3 3 3 4 3 4 5 2 3 3 4 4 2 4 3 4 3 3 3 3 4 3 3 3 4 3 4 3 3 2 2 4 3 3 2 2 4
"409" 5 3 3 4 4 3 4 4 4 3 2 2 2 4 5 3 5 4 3 5 1 3 5 2 3 3 4 1 5 5 3 3 2 3 3 3 3 3 4 3 5 3 4 4
"410" 4 2 5 4 4 2 5 2 1 4 1 1 5 4 2 4 4 1 5 3 2 5 2 1 4 4 3 5 5 1 2 5 5 4 4 5 4 4 2 4 5 4 2 1
"411" 2 4 4 3 4 4 3 2 2 3 4 4 4 4 3 2 3 2 3 3 3 4 3 2 4 2 4 4 2 NA NA NA NA 3 2 4 3 4 2 3 2 3 2 4
"412" 4 4 5 1 4 5 5 4 3 3 4 1 5 3 4 4 4 2 3 4 5 4 2 4 3 4 4 5 4 3 4 5 5 4 3 3 2 4 4 3 3 4 3 2
"413" 2 5 5 5 4 5 3 2 2 5 3 2 4 4 5 2 2 1 5 4 4 2 2 3 4 3 4 4 5 4 5 3 3 4 1 3 2 3 3 4 2 3 3 4
"414" 5 2 5 1 3 1 5 1 4 2 5 1 5 2 2 3 4 1 1 2 2 4 1 5 2 4 2 5 3 4 2 5 5 4 3 4 4 5 1 2 4 4 1 3
"415" 1 2 4 2 5 2 4 2 3 2 3 4 4 1 4 3 4 3 4 3 2 3 3 4 3 3 3 3 2 5 2 3 3 3 4 3 3 4 2 4 4 3 3 4
"416" 1 5 1 4 2 2 3 3 2 3 4 3 1 5 3 4 3 4 1 4 4 2 4 3 1 3 2 1 3 4 5 4 3 4 3 5 4 3 2 4 2 2 4 3
"417" 2 3 4 5 3 5 3 3 3 4 2 3 4 4 5 3 4 1 5 5 5 3 3 1 3 1 3 3 4 4 4 4 5 2 5 1 3 3 5 5 4 2 5 3
"418" 4 2 3 4 3 3 4 4 1 3 3 2 5 4 3 3 4 4 4 4 3 4 4 2 3 3 2 3 5 4 4 3 3 3 2 4 2 4 4 4 2 4 4 4
"419" 3 1 2 4 5 3 5 5 2 2 2 1 1 5 3 4 2 4 1 4 2 5 5 2 1 3 1 3 3 4 2 4 4 4 2 2 2 2 3 4 2 3 4 4
"420" 4 4 3 1 5 1 2 3 4 5 4 2 3 2 5 5 2 2 5 5 4 4 4 1 5 4 4 2 5 5 5 2 2 2 5 5 5 4 4 5 2 4 5 2
"421" 5 2 5 3 4 2 4 2 3 5 4 2 4 4 3 3 3 2 5 4 2 4 2 3 3 4 2 5 3 4 2 3 4 3 2 5 2 4 3 3 2 4 2 3
"422" 4 1 5 1 2 1 5 4 3 3 5 1 5 1 1 4 5 5 1 3 1 5 1 5 3 5 3 5 3 3 4 5 4 5 3 5 1 4 1 3 3 5 5 1
"423" 4 4 5 4 1 5 5 1 1 5 4 2 5 5 4 1 4 1 4 1 4 5 4 1 1 1 1 5 4 5 1 5 5 1 3 5 1 5 5 1 5 5 4 5
"424" 5 2 5 2 4 2 4 3 3 4 4 3 5 3 3 3 4 2 2 4 2 4 4 2 3 4 1 4 5 4 3 4 4 4 3 5 2 3 3 4 3 4 4 2
"425" 4 1 3 5 3 5 2 4 1 4 1 1 4 5 5 2 5 3 5 5 5 1 3 1 3 1 2 5 5 5 5 4 3 1 3 4 4 4 5 5 4 5 5 1
"426" 5 1 5 4 3 1 5 1 3 1 1 1 4 5 4 5 1 3 5 3 5 5 3 1 1 3 1 5 1 1 1 5 5 1 1 1 1 5 5 1 3 5 5 1
"427" 5 5 5 4 5 4 5 1 5 5 5 1 5 4 4 5 5 1 5 5 1 1 2 3 4 1 4 5 5 3 1 4 4 1 5 3 3 5 5 3 3 4 2 2
"428" 5 3 3 4 5 NA NA NA NA 5 3 4 3 5 3 5 5 5 5 NA NA NA NA 1 4 5 3 5 1 2 NA NA NA NA 5 1 5 3 5 5 5 5 4 4
"429" 5 4 4 4 3 3 4 5 2 5 3 5 5 5 4 3 3 4 5 3 2 4 4 2 2 2 4 3 5 5 4 3 2 2 4 4 4 3 3 3 2 4 4 3
"430" 4 2 5 3 4 4 4 2 2 4 4 1 5 4 4 4 2 1 4 4 3 2 1 4 3 3 2 4 4 5 4 3 5 4 5 4 1 5 3 5 1 5 4 3
"431" 4 3 4 3 3 3 4 4 3 3 3 3 4 3 3 3 3 3 5 3 4 4 1 3 4 3 3 5 4 3 3 4 4 4 4 3 1 3 4 4 3 3 5 3
"432" 5 3 3 1 4 1 4 5 4 3 5 2 5 4 2 4 4 5 1 3 1 4 3 2 4 5 2 3 4 4 2 5 3 3 1 5 4 2 3 3 2 4 5 5
"433" 2 5 5 1 3 4 5 1 3 4 3 1 NA NA NA NA 5 5 5 5 4 5 2 5 5 3 1 2 2 3 5 1 2 4 5 5 5 5 1 4 5 5 4 2
"434" 4 4 5 2 3 4 5 1 3 4 4 2 5 4 4 4 4 1 4 3 2 4 2 4 3 4 3 4 2 4 4 5 4 4 2 4 2 3 4 2 4 4 2 4
"435" 4 2 4 1 5 2 5 4 4 5 3 1 5 3 4 5 4 4 2 5 2 5 4 3 4 3 1 3 2 3 2 4 4 4 2 5 1 2 3 4 5 4 4 2
"436" 5 2 4 2 5 1 4 3 2 4 4 4 5 3 5 5 4 2 3 4 2 5 2 2 4 3 2 5 4 4 2 5 4 2 3 4 2 4 4 4 2 5 3 4
"437" 3 4 4 4 4 4 1 2 4 4 2 4 4 5 4 3 4 2 5 5 5 3 5 3 2 4 4 3 2 5 5 5 4 2 5 4 1 4 5 5 5 2 4 3
"438" 4 3 5 1 4 4 5 2 5 5 5 5 5 4 4 3 5 5 4 4 5 5 2 4 1 2 3 4 5 5 5 5 4 4 5 2 3 5 4 5 2 5 4 3
"439" 5 4 5 3 3 1 5 1 2 4 3 2 5 3 5 4 4 1 3 4 1 4 2 3 3 4 1 5 4 3 1 4 5 3 1 4 3 4 1 2 3 3 3 2
"440" 1 5 2 4 NA NA NA NA 4 1 5 2 3 5 5 3 5 2 2 5 5 4 2 5 1 5 2 5 4 5 1 5 3 4 1 5 5 4 4 5 1 4 1 4
"441" 2 4 5 4 4 3 4 2 2 5 4 4 5 5 5 4 4 1 4 3 4 4 2 3 4 3 2 5 4 3 4 3 5 4 5 5 4 5 4 3 3 3 2 4
"442" 2 2 5 4 4 5 5 1 5 2 1 1 5 4 4 4 3 1 3 4 5 4 5 4 3 2 2 5 1 4 5 5 4 5 3 2 1 4 4 4 3 4 1 4
"443" 5 3 4 3 3 4 1 1 1 4 5 1 5 2 4 3 4 5 3 5 2 4 5 5 5 3 1 5 4 5 4 4 5 5 1 4 1 4 3 4 1 4 5 5
"444" 2 1 4 4 4 5 5 3 2 2 1 1 5 5 4 1 2 4 5 4 5 1 4 2 4 2 4 4 5 4 5 4 2 4 1 1 4 2 2 4 2 2 4 3
"445" 5 4 4 5 4 4 5 3 4 3 1 2 5 4 5 3 2 3 4 5 3 3 4 1 2 3 2 4 5 3 4 4 4 4 2 2 1 4 3 4 2 3 2 3
"446" 5 5 4 1 4 1 3 3 5 4 4 5 3 4 1 5 5 1 1 1 1 5 4 5 1 3 3 5 4 1 4 5 4 1 3 5 4 5 3 2 5 4 5 1
"447" 5 1 4 1 5 1 5 1 5 4 5 1 5 4 5 5 5 2 2 4 2 5 1 5 4 5 1 5 4 4 4 5 5 5 5 4 1 5 2 5 1 5 2 1
"448" 5 2 4 5 5 1 3 1 2 5 1 2 4 4 5 3 4 4 4 5 2 3 5 2 3 5 4 4 5 3 2 4 4 2 1 1 4 2 1 5 4 4 1 2
"449" 5 3 5 4 5 2 5 1 1 5 1 1 5 4 4 4 4 2 4 4 3 5 1 1 3 4 1 5 1 4 2 5 5 4 2 4 1 5 4 4 2 5 1 3
"450" 4 4 5 2 3 3 4 2 4 5 3 1 4 4 5 3 4 5 2 4 3 4 3 3 2 4 3 2 5 5 4 4 4 3 1 3 4 2 2 4 1 4 5 5
"451" 4 3 5 3 4 4 4 2 5 5 4 1 5 4 4 3 5 1 4 4 4 5 1 5 4 4 4 5 5 4 4 4 5 4 3 5 4 5 4 4 2 5 2 5
"452" 2 4 5 1 3 4 4 3 5 4 4 2 4 2 4 2 3 1 1 4 4 4 3 4 3 2 3 4 3 3 4 3 4 4 2 4 4 5 3 4 4 4 4 5
"453" 5 3 5 1 4 2 4 4 3 4 4 3 4 4 2 4 2 3 2 4 2 4 3 2 3 4 3 3 3 4 3 3 4 4 4 5 5 4 4 4 2 4 3 4
"454" 2 3 4 1 4 1 4 1 1 3 3 2 4 4 4 3 3 1 4 4 4 1 2 1 4 1 1 4 4 5 4 4 5 1 1 4 1 3 2 4 1 4 3 5
"455" 5 2 3 1 4 2 5 4 4 4 4 1 3 3 3 4 5 4 3 4 2 5 2 4 3 4 2 2 3 5 2 4 3 3 2 4 2 4 3 3 1 5 4 4
"456" 5 2 5 3 3 3 4 5 2 5 4 2 4 4 3 5 4 5 3 4 2 2 4 1 3 3 3 4 4 4 3 4 2 2 2 5 3 4 5 3 2 4 4 2
"457" 4 1 5 1 5 2 5 1 5 5 5 3 5 2 4 5 5 2 1 4 3 5 2 3 5 4 1 5 3 4 3 5 4 5 1 5 2 3 4 4 4 5 2 1
"458" 2 2 2 1 4 4 4 4 2 5 2 1 2 2 4 2 5 4 3 2 4 5 4 5 3 2 2 3 2 1 4 4 2 3 4 5 1 2 1 5 1 5 2 3
"459" 5 1 4 1 4 1 4 4 2 4 5 1 4 4 3 4 4 4 2 4 2 4 4 4 3 4 1 2 4 3 2 4 3 4 3 4 4 3 1 2 4 5 4 4
