0.6494
-0.0356
0.7165
0.1947
0.1405
0.6529
1.2651
0.5749
0.4437
0.2120
0.4236
1.4849
0.9859
0.3798
1.7788
-0.7924
0.0974
1.7831
1.7941
0.7999
2.6963
2.6583
1.3730
0.6454
0.3714
2.5799
2.7456
3.2352
2.2679
3.3223
4.3555
5.1864
4.8630
1.7802
2.9460
3.1468
3.2399
6.4385
4.1566
2.0280
3.8577
5.8608
3.9069
4.7080
5.0697
4.9073
4.5803
4.1336
4.3425
4.2326
4.5683
5.6848
5.8327
6.6061
6.4225
4.4269
5.0785
8.7938
6.2767
5.3605
4.8597
6.2997
5.7444
7.2633
7.8118
8.3703
7.0486
7.2462
7.6865
7.8699
7.4910
6.8827
7.3165
5.6174
7.5883
8.0020
7.3631
9.4967
9.4748
8.9256
8.2404
8.7898
8.3898
8.1789
8.1337
7.5572
8.6596
10.3964
9.6062
8.8402
9.3492
7.9274
7.3805
7.9565
9.6258
10.7818
11.4677
9.9079
8.8347
